file,in_chosen,chosen_level,list_level,list,composer,title,error,layout,two_piano_staves,stored_measures,printed_bars,quarters,pickup,time_signatures,metre_classes,time_changes,key_fifths_start,key_changes,clef_changes,tempo_source,opening_qpm,attacks_per_second,notes_per_second,densest_4_bars_attacks_per_second,known_tempo_share,range_low|high_s1,range_low|high_s2,ledger_max_above_s1|s2,ledger_max_below_s1|s2,accidentals_per_100_s1|s2,shortest_value_s1|s2,dotted_q_e_s1|s2,dotted_e_s_s1|s2,tuplet_runs_s1|s2,grace_notes_s1|s2,largest_chord_s1|s2,span_max_s1|s2,octave_dyads_s1|s2,jumps_over_12_s1|s2,repeated_pitch_run_s1|s2,equal_value_run_s1|s2,bars_2plus_voices_s1|s2,shared_attack_share,turn_taking_bars,black_key_share,pitch_entropy,ottava_spans,pedal_share_bars,fingered_share_s1|s2,chord_symbols,repeats_backward,median_notes_per_quarter_s1|s2
./mxl/0/22/QmaGkwceqGBDhCQ8j8S2qAaCKyrVrUXU3Y1PD2NHVF5EL4.mxl,True,1,,,Beethoven,"Ukrainian Folk Song, op. 107, no. 3",,"1 pitched part(s), staves 2",True,16,16,32.0,none,2/4,simple,0,1,0,0,sound tempo,172,5.02,7.7,5.38,1.0,66|81,38|55,1|0,0|1,0.0|0.0,16th|quarter,0|0,5|0,0|0,0|0,1|1,0|0,0|0,0|0,3|1,14|14,0|0,0.536,0,0.105,3.835,0,"{'sustain': 0.0, 'sostenuto': 0.0}",0.0|0.0,0,2,1.75|1.0
./mxl/0/32/QmaMe5Ru85vNPdhyqhDey5Dz1eYH2cKL6mU7EuigXGXQXj.mxl,True,1,,,Schumann R.,Soldatenmarsch (Soldiers March) Op 68 No 2,,"1 pitched part(s), staves 2",True,24,24,48.0,none,2/4,simple,0,1,0,0,metronome,120,2.21,6.5,2.25,1.0,60|79,48|67,0|3,1|0,1.1|1.54,16th|16th,0|0,6|6,0|0,0|0,3|2,10|12,0|1,2|0,1|1,3|3,0|0,1.0,0,0.115,4.047,0,"{'sustain': 0.0, 'sostenuto': 0.0}",0.0|0.0,0,1,2.0|1.25
./mxl/10/20/QmSFQPhud8fyzntGn3N3YD33PrRYpSyVCg2633ZqtqgFFn.mxl,True,1,,,"Ludwig van Beethoven, ed. Hans-Günter Heumann","Russian Folk Song (no. 3 from 10 National Airs with Variations, op. 107)",,"1 pitched part(s), staves 2",True,16,16,32.0,none,2/4,simple,0,1,0,0,sound tempo,172,5.73,11.47,,0.016,66|81,38|55,1|0,0|1,0.0|0.0,16th|quarter,0|0,5|0,0|0,0|0,1|1,0|0,0|0,0|0,3|1,14|14,0|0,0.536,0,0.105,3.835,0,"{'sustain': 0.0, 'sostenuto': 0.0}",0.1429|0.3667,0,2,1.75|1.0
./mxl/12/10/QmUAQv7PsWCJFAFSk1Ksz1UzaPFJe46s2PBqqNzZCyBhz2.mxl,True,1,,,attrib. J. S. Bach,"Choral ‘Deal with Me, Lord’, BWV 514",,"2 pitched part(s), staves 1+1",True,16,16,48.0,none,3/4,simple,0,0,0,0,none,UNKNOWN,,,,,60|79,36|60,0|1,1|2,0.0|3.92,16th|eighth,0|0,0|0,0|0,0|0,1|1,0|0,0|0,0|0,2|1,6|8,0|0,0.531,0,0.01,4.272,0,"{'sustain': 0.0, 'sostenuto': 0.0}",0.0|0.0,0,1,1.0|1.0
./mxl/12/10/QmUAYToMDU5C6wFwA5QXxdnqJR1X68bfFtXd9EQ74WTNsY.mxl,True,1,,,Schubert F.,Ecossaise,,"1 pitched part(s), staves 2",True,16,16,32.0,none,2/4,simple,0,1,0,2,metronome,100,2.66,6.35,3.33,1.0,67|86,50|69,2|2,0|2,7.41|5.88,eighth|quarter,0|0,0|0,0|0,4|0,2|4,4|10,0|0,0|0,2|2,28|3,0|0,0.412,0,0.156,4.372,0,"{'sustain': 0.0, 'sostenuto': 0.0}",0.0|0.0,0,2,2.0|1.5
./mxl/12/35/QmUoMdNqL5ZDFsFR2EqHF5ERBjvwW5MPYDiXzXZQ8faH5z.mxl,True,1,,,Lully J.,Minuet,,"2 pitched part(s), staves 1+1",True,18,18,52.0,candidate,3/4,simple,0,-1,0,0,none,UNKNOWN,,,,,67|82,38|57,1|0,0|1,10.53|7.84,eighth|eighth,0|0,0|0,0|0,0|0,3|2,5|3,0|0,0|0,2|2,9|18,0|0,0.342,0,0.105,4.113,0,"{'sustain': 0.0, 'sostenuto': 0.0}",0.0|0.0,0,3,1.0|0.834
./mxl/13/52/QmVx2ieHXtQbAG2Qnshq1BajHqV43zJPhoDJxWjSvYy7AB.mxl,True,1,,,Haydn J.,Hob XVI15 mvt 3 Minuet,,"1 pitched part(s), staves 2",True,30,30,90.0,none,3/4,simple,0,1,0,2,metronome,100,3.07,5.67,3.33,1.0,66|83,43|74,1|3,0|1,9.7|5.67,16th|16th,0|0,0|0,0|0,0|0,2|3,7|10,0|0,0|0,3|2,12|12,0|0,0.349,0,0.203,4.434,0,"{'sustain': 0.0, 'sostenuto': 0.0}",0.0|0.0,0,1,2.0|1.667
./mxl/14/37/QmWPFpLyAkm7gcKYZHuEZ8NgeASsVGdyzGVrisSGKAmpvX.mxl,True,1,,,"Mozart, Wolfgang Amadeus","Minuet in F Major, K 2",,"1 pitched part(s), staves 2",True,24,24,72.0,none,3/4,simple,0,-1,0,0,metronome,140,2.92,4.25,3.11,1.0,60|81,41|62,1|1,1|0,4.71|4.35,eighth|quarter,0|0,0|0,1|0,0|0,1|1,0|0,0|0,0|1,3|3,3|6,0|0,0.456,0,0.16,4.178,0,"{'sustain': 0.0, 'sostenuto': 0.0}",0.0|0.0,0,2,1.333|0.667
./mxl/14/48/QmWvqJ4DsjCW5sX4hvZVNUe4ZjChaWrFmrE6uDxFPQnwGa.mxl,True,1,,,Krieger J.,Minuet in A minor,,"2 pitched part(s), staves 2+1",False,43,43,129.0,none,3/4,simple,0,0,0,0,none,UNKNOWN,,,,,64|79,40|60,0|1,0|1,3.85|0.0,eighth|quarter,0|0,0|0,0|0,0|0,1|2,0|3,0|0,0|0,2|2,6|13,0|0,,,0.012,3.832,0,"{'sustain': 0.0, 'sostenuto': 0.0}",0.0|0.0,0,2,0.333|0.333
./mxl/17/3/QmZ4h7B9xHfCQ4FHw7ZzBDUkJm4ieRRA6ePMXrgKDK2Jkz.mxl,True,1,,,Kabalevsky D.,Waltz (No 13 from 24 Easy Pieces Op 39),,"1 pitched part(s), staves 2",True,33,33,96.0,confirmed,3/4,simple,0,-1,0,0,sound tempo,114,1.82,3.8,1.9,1.0,69|84,57|72,2|0,0|2,9.38|4.65,quarter|quarter,0|0,0|0,0|0,0|0,1|3,0|7,0|0,0|0,2|2,4|2,0|0,0.37,0,0.089,3.898,0,"{'sustain': 0.0, 'sostenuto': 0.0}",0.3594|0.2222,0,0,0.667|1.333
./mxl/2/28/QmckmojBrTAqVmHQDE4JBYkfHWPKSkofN1C1a18MrRy8KS.mxl,True,1,,,"Haydn, Franz Joseph","German Dance in G Major, Hob. IX:22, no. 3",,"1 pitched part(s), staves 2",True,18,18,54.0,none,3/4,simple,0,1,0,0,sound tempo,132,2.65,4.52,3.3,1.0,67|88,43|62,3|1,0|0,3.51|5.56,eighth|eighth,0|0,0|0,0|0,0|0,1|1,0|0,0|0,0|0,2|2,7|16,0|0,0.708,0,0.162,4.017,0,"{'sustain': 0.0, 'sostenuto': 0.0}",0.0|0.0,0,2,1.0|1.0
./mxl/5/14/QmfCULDvejZyShSRANTgFLGt4TudSaWNcuAfbV89RhdFPP.mxl,True,1,,,Mozart W.,Menuet and Trio in G major K 1 (K 1e),,"1 pitched part(s), staves 2",True,81,81,241.0,confirmed,3/4,simple,0,1,2,0,sound tempo,132,3.08,5.58,4.03,1.0,62|86,38|65,2|2,0|1,5.39|1.81,16th|16th,0|0,0|0,6|0,0|0,1|2,0|8,0|0,0|2,2|16,5|9,0|14,0.706,0,0.085,4.567,0,"{'sustain': 0.0, 'sostenuto': 0.0}",0.0|0.0,0,0,1.333|1.0
./mxl/7/23/QmPh9E2SVDigz7bhQx3CqCFNxD33a9G5uFVGWf2536dG7J.mxl,True,1,,,"Mozart, Wolfgang Amadeus","Allegro in B flat Major, K 3",,"1 pitched part(s), staves 2",True,32,32,60.0,confirmed,2/4,simple,0,-2,0,0,metronome,110.0,3.02,4.92,3.67,1.0,64|77,45|63,0|2,0|0,9.28|1.56,16th|eighth,0|2,0|0,0|0,2|0,1|2,0|4,0|0,0|0,2|2,7|5,0|0,0.586,0,0.273,4.153,0,"{'sustain': 0.0, 'sostenuto': 0.0}",0.0|0.0,0,1,2.0|1.0
./mxl/7/32/QmPMQT5T7bMiFTa9EVyZqPVJieRGqnXoArFAYhPSBZ1FjD.mxl,True,1,,,"Duncombe, William",Sonatina in C Major,,"1 pitched part(s), staves 2",True,24,24,48.0,none,2/4,simple,0,0,0,0,metronome,115,3.59,4.91,3.83,1.0,67|81,43|67,1|3,0|0,0.0|0.0,eighth|eighth,0|0,0|0,8|0,0|0,1|1,0|0,0|0,0|0,2|1,28|8,0|0,0.367,0,0.0,3.665,0,"{'sustain': 0.0, 'sostenuto': 0.0}",0.0|0.0,0,0,2.0|0.5
./mxl/7/51/QmPW5kiDM4MteJEvBfcYg9rW2GE2EUFMX8mm828QD3x8dy.mxl,True,1,,,Mozart W.,Andante in C major K1a,,"1 pitched part(s), staves 2",True,10,10,24.0,none,3/4 2/4,simple,1,0,0,1,metronome,67,2.28,3.72,3.35,1.0,48|72,36|64,1|2,1|2,14.58|3.12,16th|16th,0|0,0|0,0|0,3|0,1|1,0|0,0|0,0|0,2|2,6|8,0|0,0.633,0,0.075,3.903,0,"{'sustain': 0.0, 'sostenuto': 0.0}",0.0|0.0,0,0,2.0|1.5
./mxl/9/35/QmRoFSajCk4vvaM9QPDeKhwvWCPShtyDB95r2oT5iHc22Y.mxl,True,1,,,Hook J.,Gavotta in C major Op 81 No 3,,"1 pitched part(s), staves 2",True,16,16,64.0,none,4/4,simple,0,0,0,0,none,UNKNOWN,,,,,67|74,48|55,0|0,0|0,0.0|0.0,eighth|eighth,0|0,0|0,0|0,0|0,1|1,0|0,0|0,0|0,3|2,28|12,0|0,0.456,0,0.0,3.128,0,"{'sustain': 0.0, 'sostenuto': 0.0}",0.0|0.0,0,2,1.5|1.0
./mxl/9/5/QmR6EvqAfwKFoN3pUqZoaGcpjeniWGbqPM6G4VMxwVeEHo.mxl,True,1,,,Spindler,Song without Words,,"1 pitched part(s), staves 2",True,33,33,49.5,none,3/8,simple,0,0,0,0,metronome,90,2.85,3.58,3.0,1.0,68|81,56|65,1|2,0|0,10.2|2.63,eighth|eighth,0|0,0|0,0|0,1|0,1|1,0|0,0|0,0|0,2|1,5|54,0|0,0.255,0,0.068,3.696,0,"{'sustain': 0.0, 'sostenuto': 0.0}",0.0|0.0,0,1,0.667|2.0
./mxl/0/38/QmaqiaWjuxahsy4GiTg3WNNMEhngex9Jcq448jYfkfCTyU.mxl,True,2,,,Mozart,"Minuet in D, K. 7",,"1 pitched part(s), staves 2",True,22,22,66.0,none,3/4,simple,0,2,0,1,sound tempo,114,3.63,5.3,3.8,1.0,61|83,38|74,1|2,1|2,4.29|3.51,eighth|eighth,0|0,0|0,0|0,0|0,1|1,0|0,0|0,0|0,3|1,10|36,0|0,0.46,0,0.217,4.23,0,"{'sustain': 0.0, 'sostenuto': 0.0}",0.0|0.0,0,2,1.0|2.0
./mxl/11/48/QmTvMxdMwcpLqNRRV8UBcFWvezab2dcr66WS7kVSAcF4dH.mxl,True,2,,,Burgmuller J.F.,Arabesque in A minor Op 100 No 2,,"1 pitched part(s), staves 2",True,33,33,66.0,none,2/4,simple,0,0,0,2,none,UNKNOWN,,,,,57|93,45|69,4|2,2|1,0.93|2.82,16th|16th,6|0,0|0,0|0,0|0,2|3,9|10,0|0,3|0,2|8,5|24,0|0,0.407,0,0.028,4.121,0,"{'sustain': 0.0, 'sostenuto': 0.0}",0.0|0.0,0,2,1.5|3.0
./mxl/11/50/QmTwGSN3sTvj2bqqJD3Vy8pzArHwkCNeRhz68GqveUyFJJ.mxl,True,2,,,Imagine Dragons,Radioactive,,"1 pitched part(s), staves 2",True,76,76,304.0,none,4/4,simple,0,3,0,0,none,UNKNOWN,,,,,52|83,28|69,1|3,3|4,0.0|0.0,16th|eighth,7|12,18|0,0|0,0|0,2|3,12|12,64|9,0|29,5|6,13|6,0|0,0.362,1,0.271,4.63,0,"{'sustain': 0.0, 'sostenuto': 0.0}",0.0|0.0,0,2,1.5|1.75
./mxl/12/38/QmUqattmpsJ6uXKQ6PyuP4TRkYWGohcSDU4CiALZBmzreW.mxl,True,2,,,C. P. E. Bach (listed as Bach J.S.),"March in D major, BWV Anh. 122",,"1 pitched part(s), staves 2",True,24,24,88.0,confirmed,2/2,simple,0,2,0,0,metronome,90,2.49,3.72,3.0,1.0,64|86,37|62,2|1,0|2,3.15|2.17,16th|eighth,1|0,0|0,0|0,0|0,1|1,0|0,0|0,0|0,2|8,27|13,0|0,0.493,0,0.243,4.407,0,"{'sustain': 0.0, 'sostenuto': 0.0}",0.0|0.0,0,2,1.5|1.0
./mxl/13/51/QmVWM6wbvpu5KUmBMSMconXZsAM3AAay5LdxCNFzKpQt7g.mxl,True,2,,,Christian Petzold,Minuet in G minor,,"1 pitched part(s), staves 2",True,32,32,96.0,none,3/4,simple,0,-2,0,0,metronome,110.0,2.56,3.8,3.21,1.0,58|82,43|62,1|1,1|0,4.24|8.64,16th|eighth,0|0,0|0,0|0,0|0,3|2,9|4,0|0,0|1,2|2,7|12,0|0,0.425,0,0.246,4.457,0,"{'sustain': 0.0, 'sostenuto': 0.0}",0.0|0.0,0,2,1.167|1.0
./mxl/17/19/QmZfHayYiHJJBpxa5yZpMwR9RDMcDRYGvFC25NyyKa8ziH.mxl,True,2,,,Burgmuller J.F.,Arabesque in A minor Op 100 No 2,,"1 pitched part(s), staves 2",True,33,33,66.0,none,2/4,simple,0,0,0,2,metronome,126,4.45,9.0,6.3,1.0,57|93,45|69,4|2,2|1,0.93|2.26,16th|16th,6|0,0|0,0|0,0|0,2|3,9|10,0|0,3|0,2|8,5|24,0|0,0.393,0,0.028,4.112,0,"{'sustain': 0.0, 'sostenuto': 0.0}",0.0467|0.0111,0,2,1.5|3.0
./mxl/17/26/QmZjFTWZhtvzmkVnXk5M7PGBgGBVP69KMs7ZhNXCUwJuqx.mxl,True,2,,,Armstrong J.,Dusty Blue,,"1 pitched part(s), staves 2",True,13,13,50.0,candidate,4/4,simple,0,1,0,0,none,UNKNOWN,,,,,59|81,43|59,1|0,1|0,15.87|2.13,eighth|quarter,0|0,0|0,23|0,10|0,3|2,5|9,0|0,0|0,2|1,6|46,1|0,0.333,0,0.032,3.887,0,"{'sustain': 0.0, 'sostenuto': 0.0}",0.0|0.0,0,0,1.25|2.0
./mxl/2/35/Qmcoy66kBYb1u3xpnPyzD4xidHGTXQcXFk6aTvzXMQX6xS.mxl,True,2,,,Handel,"Impertinence, HWV 494",,"1 pitched part(s), staves 2",True,22,21,80.0,confirmed,2/2,simple,0,-2,0,0,sound tempo,200,3.75,5.5,4.58,1.0,62|82,41|63,1|2,0|0,4.17|3.33,eighth|eighth,0|0,0|0,0|0,0|0,1|1,0|0,0|0,0|0,3|1,4|10,0|0,0.467,0,0.311,4.417,0,"{'sustain': 0.0, 'sostenuto': 0.0}",0.0|0.0,0,2,1.0|0.5
./mxl/4/19/Qmefzkf62X872kvmxmwSifjtzMULe6p9uA3PG2rAsYzCXs.mxl,True,2,,,Sam Smith & Jimmy Napes,Writing's on the Wall (from Spectre) (Sam Smith),,"1 pitched part(s), staves 2",True,72,72,288.0,none,4/4,simple,0,-4,0,10,metronome,66,2.22,4.29,3.3,1.0,51|85,29|72,3|3,3|4,2.74|4.0,32nd|eighth,4|0,4|0,0|0,0|0,4|4,12|16,53|10,5|2,4|4,12|12,10|1,0.193,1,0.398,4.499,0,"{'sustain': 0.0, 'sostenuto': 0.0}",0.0|0.0,0,0,3.0|1.0
./mxl/9/25/QmRipx42u9ytmDMa37VT6UEZvDJamYHxtrDPCWq4rp5fTe.mxl,True,2,,,Beethoven,"Écossaise in G Major, WoO 23",,"1 pitched part(s), staves 2",True,18,18,32.0,confirmed,2/4,simple,0,1,0,0,metronome,126,4.66,11.03,5.78,1.0,66|76,38|62,0|1,0|1,1.25|0.0,16th|eighth,0|0,0|0,0|0,0|0,2|2,9|8,0|0,0|1,5|3,6|31,0|0,0.746,0,0.101,3.883,0,"{'sustain': 0.0, 'sostenuto': 0.0}",0.1875|0.0667,0,1,2.0|2.833
build\pieces\shelf\innocence-op-100-no-5.musicxml,True,2,,,F. Burgmüller,Innocence (Op. 100 No. 5),,"1 pitched part(s), staves 2",True,17,17,51.0,none,3/4,simple,0,-1,0,0,metronome,112,5.05,7.91,6.38,1.0,57|96,41|65,3|2,2|0,3.91|5.68,16th|eighth,0|0,0|0,0|0,0|0,2|3,8|10,0|0,1|0,3|3,14|24,0|0,0.29,0,0.116,4.653,1,"{'sustain': 0.0, 'sostenuto': 0.0}",0.0|0.0,0,2,2.333|2.0
build\pieces\shelf\la-candeur-op-100-no-1.musicxml,True,2,,,F. Burgmüller,La candeur (Op. 100 No. 1),,"1 pitched part(s), staves 2",True,23,23,92.0,none,4/4,simple,0,0,0,2,none,UNKNOWN,,,,,64|84,47|68,2|2,0|2,1.38|2.91,eighth|eighth,0|0,0|0,0|0,0|0,3|3,9|10,0|0,0|0,1|2,60|32,1|0,0.242,0,0.033,4.138,0,"{'sustain': 0.0, 'sostenuto': 0.0}",0.3429|0.3235,0,2,2.0|0.75
build\pieces\shelf\pastorale-op-100-no-3.musicxml,True,2,,,F. Burgmüller,Pastorale (Op. 100 No. 3),,"1 pitched part(s), staves 2",True,29,29,87.0,none,6/8,compound,0,1,0,4,metronome,99,3.17,6.56,3.3,1.0,64|91,43|70,4|1,0|2,3.36|0.88,eighth|eighth,0|0,0|0,0|0,9|0,1|4,0|9,0|0,0|0,3|12,12|9,0|5,0.317,0,0.055,3.704,0,"{'sustain': 0.0, 'sostenuto': 0.0}",0.0|0.0,0,1,1.333|2.0
build\pieces\shelf\tendre-fleur-op-100-no-10.musicxml,True,2,,,F. Burgmüller,Tendre fleur (Op. 100 No. 10),,"1 pitched part(s), staves 2",True,24,24,96.0,none,4/4,simple,0,2,0,3,metronome,152,4.91,6.99,5.07,1.0,62|90,52|71,3|2,0|2,3.09|3.74,eighth|eighth,0|2,0|0,0|0,4|0,2|2,8|10,0|0,0|0,2|2,47|13,0|0,0.349,0,0.321,4.089,0,"{'sustain': 0.0, 'sostenuto': 0.0}",0.0|0.0,0,2,1.875|1.25
./mxl/12/16/QmUDoLwg9ihL1tkEX3EJZ4RoSSi8G4irTc9NuX5ozQCcTc.mxl,True,3,,,"Attwood, Thomas",Sonatina in G Major: 1st movement,,"1 pitched part(s), staves 2",True,28,28,108.0,confirmed,4/4 3/4,simple,1,1,0,0,none,UNKNOWN,,,,,62|74,47|62,0|1,0|0,2.98|0.0,eighth|eighth,0|0,0|0,0|0,2|0,1|2,0|10,0|0,0|0,2|3,30|24,0|0,0.31,0,0.115,3.797,0,"{'sustain': 0.0, 'sostenuto': 0.0}",0.0|0.0,0,0,1.75|1.125
./mxl/14/56/QmWzoWDuMenyrawN3s8bNz9s5NLADBmSSm1jJZKkBb6ZUM.mxl,True,3,,,Lemoine H.,Op 37 No 7,,"1 pitched part(s), staves 2",True,54,54,162.0,none,3/4,simple,0,1,0,0,metronome,139,4.2,7.75,4.63,1.0,59|91,43|67,4|3,1|0,14.33|1.52,eighth|eighth,0|0,0|0,0|0,3|0,3|3,8|10,0|0,0|0,2|4,105|2,0|4,0.272,0,0.164,4.404,0,"{'sustain': 0.0, 'sostenuto': 0.0}",0.5258|0.0,0,0,2.0|2.0
./mxl/15/39/QmXQUxkVLSZUanTaciCVpsBfNdnovofwRzybJp6aAda382.mxl,True,3,,,Burgmuller J.F.,Petit Reunion in C major Op 100 No 4,,"2 pitched part(s), staves 1+1",True,54,54,216.0,none,4/4,simple,0,0,0,4,metronome,60,1.48,3.38,1.81,1.0,59|88,48|68,3|1,1|2,0.0|2.14,eighth|eighth,0|0,0|0,0|0,0|0,2|2,9|4,0|0,0|0,2|2,10|6,0|0,0.317,0,0.005,4.32,0,"{'sustain': 0.0, 'sostenuto': 0.0}",0.0|0.0,0,0,3.0|0.5
./mxl/17/15/QmZdCAPv5TJshahGMxm9Agrg8gaqRsfcxAAxYBua71u5Tr.mxl,True,3,,,Petzold,"Minuet in G Major, BWV Anh. 114",,"1 pitched part(s), staves 2",True,32,32,96.0,none,3/4,simple,0,1,0,0,metronome,160,3.81,5.64,4.44,1.0,59|83,43|64,1|2,1|0,2.34|2.67,eighth|eighth,0|0,0|0,0|0,0|0,3|3,8|7,0|0,0|0,2|2,6|12,0|3,0.453,0,0.118,4.221,0,"{'sustain': 0.0, 'sostenuto': 0.0}",0.0476|0.1096,0,2,1.5|0.834
./mxl/17/2/QmZ3RfASNhTtAmVg1sF7DUhxgPjNSWRfpijSrmvJfX14Bu.mxl,True,3,,,Bach J.S.,Little Prelude in C BWV 939,,"1 pitched part(s), staves 2",True,16,16,64.0,none,4/4,simple,0,0,0,0,none,UNKNOWN,,,,,60|84,36|62,2|1,1|2,3.42|2.9,16th|eighth,0|0,0|0,0|0,0|0,3|2,9|12,0|1,0|0,1|1,31|16,0|0,0.272,0,0.067,4.432,0,"{'sustain': 0.0, 'sostenuto': 0.0}",0.0|0.0,0,0,2.0|1.0
./mxl/17/42/QmZsHHxzDb2d1gvFyqdkKeAPDWueRYWjs4reFvHbH6fCw9.mxl,True,3,,,attr. J.S. Bach,"Polonaise in G Minor, BWV Anh. 119",,"2 pitched part(s), staves 1+1",True,16,16,48.0,none,3/4,simple,0,-2,0,0,none,UNKNOWN,,,,,55|79,43|58,0|0,2|0,2.15|3.64,16th|16th,0|0,2|1,0|0,0|0,1|1,0|0,0|0,1|0,2|4,6|9,0|0,0.451,0,0.324,4.135,0,"{'sustain': 0.0, 'sostenuto': 0.0}",0.0|0.0,0,2,2.167|1.0
./mxl/6/26/QmNjDJ1X5fmH6pi6PzAysdfn1WMKDgHfb6nGxgaP3D2yBL.mxl,True,3,,,J.S. Bach,"Little Prelude in C Major, BWV 939",,"2 pitched part(s), staves 1+1",True,16,16,64.0,none,4/4,simple,0,0,0,0,metronome,100,3.26,4.69,4.17,1.0,60|84,36|62,2|1,1|2,5.88|4.35,16th|eighth,0|0,0|0,0|0,0|0,3|2,9|12,0|1,0|0,1|1,31|16,0|0,0.272,0,0.067,4.42,0,"{'sustain': 0.0, 'sostenuto': 0.0}",0.0|0.0,0,0,2.0|1.0
./mxl/7/10/QmPAsudN4jHYo1ZLjSocNUD8EpFJgBJiw5XrtjUyKPvKHf.mxl,True,3,,,Clementi,"Sonatina in C Major, op. 36, no. 1: I",,"1 pitched part(s), staves 2",True,1106,1106,2828.5,none,2/2 3/4 3/8 2/4 3/4 3/8 4/4 2/4 3/4 2/4 4/4 3/8 2/4 4/4 6/8,compound simple,14,0,15,69,metronome,UNKNOWN,5.79,8.97,13.14,0.81,50|89,31|77,3|3,3|3,5.19|3.31,32nd|16th,47|0,68|38,313|296,102|0,4|4,20|24,0|137,28|62,12|33,112|94,42|34,0.367,9,0.137,5.071,0,"{'sustain': 0.0, 'sostenuto': 0.0}",0.3659|0.1658,0,13,2.5|2.0
./mxl/8/31/QmQm27B2vFqPqKFK6adJFpBA7zoKsYtzLXTTHZBV8y2Agp.mxl,True,3,,,attr. J.S. Bach,"Musette in D Major, BWV Anh. 126",,"1 pitched part(s), staves 2",True,28,28,56.0,none,2/4,simple,0,2,0,0,none,UNKNOWN,,,,,57|81,38|57,1|0,2|1,6.92|0.0,16th|16th,0|0,0|0,0|0,0|0,1|1,0|0,0|0,3|1,2|1,16|40,0|0,0.734,0,0.199,4.354,0,"{'sustain': 0.0, 'sostenuto': 0.0}",0.0|0.0,0,2,2.5|2.0
build\pieces\shelf\consolation-op-100-no-13.musicxml,True,3,,,F. Burgmüller,Consolation (Op. 100 No. 13),,"1 pitched part(s), staves 2",True,42,42,168.0,none,4/4,simple,0,0,0,2,metronome,152,4.83,8.01,5.07,1.0,66|84,48|71,2|2,0|2,10.76|3.55,eighth|eighth,0|0,0|0,0|0,0|0,1|3,0|10,0|0,0|0,2|2,79|64,22|8,0.272,0,0.053,3.884,0,"{'sustain': 0.0, 'sostenuto': 0.0}",0.0|0.0,0,0,2.0|0.75
build\pieces\shelf\courant-limpide-op-100-no-7.musicxml,True,3,,,F. Burgmüller,Courant limpide (Op. 100 No. 7),,"1 pitched part(s), staves 2",True,16,16,64.0,none,4/4,simple,0,1,0,0,metronome,176,8.57,11.37,8.8,1.0,57|91,43|67,4|3,2|0,3.19|10.0,eighth|quarter,0|0,0|0,62|0,0|0,1|1,0|0,0|0,0|0,2|1,90|31,8|0,0.171,0,0.109,4.014,0,"{'sustain': 0.0, 'sostenuto': 0.0}",0.0|0.0,0,1,2.5|1.0
build\pieces\shelf\la-bergeronette-op-100-no-11.musicxml,True,3,,,F. Burgmüller,La bergeronette (Op. 100 No. 11),,"1 pitched part(s), staves 2",True,30,30,60.0,none,2/4,simple,0,0,0,5,metronome,138,5.21,9.43,7.19,1.0,64|91,48|79,4|0,0|2,3.08|5.17,16th|16th,0|0,0|0,0|0,0|0,3|3,9|10,0|0,0|0,4|3,8|4,0|0,0.515,0,0.028,4.299,1,"{'sustain': 0.0, 'sostenuto': 0.0}",0.0|0.0,0,2,2.5|2.0
build\pieces\shelf\la-chasse-op-100-no-9.musicxml,True,3,,,F. Burgmüller,La chasse (Op. 100 No. 9),,"1 pitched part(s), staves 2",True,57,57,168.5,confirmed,6/8,compound,0,0,0,6,metronome,132,3.84,6.85,4.4,1.0,60|84,43|67,2|2,1|2,2.25|2.84,eighth|eighth,0|0,0|0,0|0,0|0,2|3,4|10,0|0,1|0,6|6,46|30,0|0,0.235,0,0.044,3.886,0,"{'sustain': 0.0, 'sostenuto': 0.0}",0.0|0.0,0,1,1.333|1.333
build\pieces\shelf\progres-op-100-no-6.musicxml,True,3,,,F. Burgmüller,Progres (Op. 100 No. 6),,"1 pitched part(s), staves 2",True,16,16,64.0,none,4/4,simple,0,0,0,0,metronome,132,4.81,7.32,5.23,1.0,64|88,48|65,3|2,0|0,6.09|7.14,16th|16th,0|0,0|0,0|0,0|0,2|2,4|7,0|0,0|0,4|4,23|13,0|0,0.464,0,0.052,4.515,0,"{'sustain': 0.0, 'sostenuto': 0.0}",0.0|0.0,0,1,2.0|1.375
build\pieces\shelf\sonatina-in-c-major-ii-andante-op-36-no-1.musicxml,True,3,,,M. Clementi,"Sonatina in C major, II. Andante (Op. 36 No. 1)",,"1 pitched part(s), staves 2",True,26,26,78.0,none,3/4,simple,0,-1,0,0,none,UNKNOWN,,,,,60|81,36|62,1|1,1|2,5.95|1.42,16th|eighth,0|0,2|0,39|39,6|0,2|1,9|0,0|0,0|1,4|3,36|36,0|0,0.274,0,0.086,4.292,0,"{'sustain': 0.0, 'sostenuto': 0.0}",0.0|0.0,0,0,2.333|1.333
build\pieces\shelf\sonatina-in-c-major-iii-vivace-op-36-no-1.musicxml,True,3,,,M. Clementi,"Sonatina in C major, III. Vivace (Op. 36 No. 1)",,"1 pitched part(s), staves 2",True,70,70,105.0,none,3/8,simple,0,0,0,0,none,UNKNOWN,,,,,59|86,43|62,2|1,1|0,1.87|0.0,16th|eighth,0|0,0|0,0|0,0|0,3|2,8|7,0|0,2|0,2|7,20|48,0|0,0.502,0,0.008,4.285,0,"{'sustain': 0.0, 'sostenuto': 0.0}",0.0|0.0,0,0,2.667|2.0
./mxl/0/42/QmasAcd9tbsewBQFVVbZNZGg35JCV94UF42JFrqCNngLdM.mxl,True,4,,,Grieg E.,Arietta (Lyric Pieces Op 12 No 1),,"1 pitched part(s), staves 2",True,23,23,46.0,none,2/4,simple,0,-3,0,0,none,UNKNOWN,,,,,55|79,39|63,0|2,2|1,11.73|14.02,16th|16th,2|2,0|0,0|0,4|0,2|2,12|10,10|0,2|10,6|2,64|34,23|22,0.269,0,0.428,4.587,0,"{'sustain': 0.2174, 'sostenuto': 0.0}",0.284|0.1776,0,0,4.0|2.5
./mxl/1/37/QmbPqcXHQGWvs9JAfcAmAUdSAVK7Hrc8FocG84tY7KzVDy.mxl,True,4,,,R. Schumann,"The Happy Farmer, op. 68, no. 10",,"1 pitched part(s), staves 2",True,21,21,80.5,confirmed,4/4,simple,0,-1,0,0,metronome,120,3.98,8.77,4.0,1.0,57|77,46|65,0|2,2|0,1.67|0.0,eighth|eighth,10|18,0|0,0|0,0|0,3|2,9|9,0|0,0|0,3|1,5|9,8|2,0.388,0,0.119,3.83,0,"{'sustain': 0.0, 'sostenuto': 0.0}",0.0|0.0,0,0,3.0|1.5
./mxl/12/38/QmUqCoSTSoifrWw21QNi9mDvUpyJTkjx7qLuWB1LT55Euv.mxl,True,4,,,"Bach, Johann Sebastian","Minuet in C Minor, BWV Anh. 121",,"2 pitched part(s), staves 1+1",True,24,24,72.0,none,3/4,simple,0,-3,0,0,metronome,132,2.84,4.55,3.48,1.0,58|80,41|55,1|0,1|0,17.07|20.83,eighth|eighth,0|2,0|0,2|0,0|0,1|1,0|0,0|0,0|0,3|2,19|21,0|0,0.602,0,0.302,4.575,0,"{'sustain': 0.0, 'sostenuto': 0.0}",0.0|0.0,0,2,1.0|1.0
./mxl/12/5/QmU6N3TkyWQa4ZByjNMwXt86J5N5cLFAUZ4R7gnUUoqmfW.mxl,True,4,,,J. F. F. Burgmüller,"Ballade, Op. 100 No. 15",,"1 pitched part(s), staves 2",True,96,96,144.0,none,3/8,simple,0,-3,2,2,"sound tempo (120 only, possible exporter default)",UNKNOWN,,,,,55|96,43|87,2|3,2|1,5.91|12.88,16th|16th,0|0,0|0,0|0,0|0,3|3,10|10,0|0,1|1,21|2,56|24,0|0,0.459,0,0.231,3.906,1,"{'sustain': 0.0, 'sostenuto': 0.0}",0.1577|0.1231,0,1,2.667|1.333
./mxl/13/11/QmVbzhavuDhKE6tdzG6QG1RuFtXg9SBaPmnQNyG7x375MS.mxl,True,4,,,Haydn,Allegro scherzando in F,,"1 pitched part(s), staves 2",True,46,46,88.0,confirmed,2/4,simple,0,-1,0,3,metronome,116.0,3.91,8.39,4.83,1.0,57|86,29|72,2|3,2|4,2.8|1.79,16th|16th,0|0,0|0,0|0,0|0,3|3,12|12,0|8,2|3,4|4,52|35,0|0,0.579,0,0.105,4.513,0,"{'sustain': 0.0, 'sostenuto': 0.0}",0.0|0.0,0,1,2.0|2.0
./mxl/16/19/QmYf4ZSAidzdYov56Bt21Wg8sq1CNabhXjR8NB74VpsCxL.mxl,True,4,,,"Scarlatti, Domenico","Sonata in D Minor, K 32",,"1 pitched part(s), staves 2",True,24,24,36.0,none,3/8,simple,0,-1,0,0,metronome,46,2.02,3.54,2.56,1.0,61|82,38|64,1|2,1|1,10.87|8.11,32nd|16th,0|0,0|0,0|0,0|0,1|4,0|12,0|0,6|0,1|2,5|6,0|3,0.432,0,0.199,4.538,0,"{'sustain': 0.0, 'sostenuto': 0.0}",0.2391|0.1277,0,2,3.0|2.0
./mxl/17/30/QmZLB5s1pGDSPhmWx5Zwkt1APsVUQpbvyEqwvi9WP1xxzF.mxl,True,4,,,"Bach, Johann Sebastian","Minuet in F Major, BWV Anh. 113",,"1 pitched part(s), staves 2",True,32,32,96.0,none,3/4,simple,0,-1,0,0,none,UNKNOWN,,,,,62|84,40|62,2|1,0|1,5.77|3.0,16th|eighth,0|0,0|0,4|0,3|0,1|1,0|0,0|0,0|0,3|3,42|21,0|0,0.438,0,0.125,4.557,0,"{'sustain': 0.0, 'sostenuto': 0.0}",0.0|0.0,0,2,2.0|1.0
./mxl/17/30/QmZLmH4rC6AGdK4MYd4L7bhADET4o9wRSjoVWYJRoW6mrV.mxl,True,4,,,Diabelli,"Sonatina in F Major, op. 168, no. 1: I",,"1 pitched part(s), staves 2",True,40,40,153.0,confirmed,4/4,simple,0,-1,0,2,metronome,126,4.42,7.95,6.17,1.0,57|89,41|70,3|1,2|1,9.45|3.69,16th|eighth,4|0,3|0,0|0,0|0,4|3,9|10,0|0,5|5,5|4,20|89,0|0,0.519,0,0.114,4.651,0,"{'sustain': 0.0, 'sostenuto': 0.0}",0.4487|0.2706,0,1,1.25|2.0
./mxl/17/32/QmZMAg8KBp5Rtd8yAtjuXvvtDJ8HqPzUmP6mFZv4jAG6a8.mxl,True,4,,,"Bach, Johann Sebastian","Minuet in A Minor, BWV Anh. 120",,"2 pitched part(s), staves 1+1",True,30,30,84.0,confirmed,3/4,simple,0,0,0,0,metronome,132,2.78,4.32,3.67,1.0,64|81,36|67,1|3,0|2,8.89|6.02,16th|32nd,0|0,2|2,0|0,0|0,1|1,0|0,0|0,0|1,2|3,18|23,0|0,0.557,0,0.127,4.733,0,"{'sustain': 0.0, 'sostenuto': 0.0}",0.0|0.0,0,2,1.0|1.0
./mxl/2/3/Qmc4b2rFy4zrUxf8kroU5PVWXv9MRF6uckxua3AJ8MZ6pi.mxl,True,4,,,S. Heller,"Study in A minor, Op. 45 No. 2",,"1 pitched part(s), staves 2",True,89,89,178.0,none,2/4,simple,0,0,0,10,metronome,160,4.08,6.8,8.0,1.0,55|96,33|81,3|2,2|3,9.49|8.07,eighth|eighth,0|0,0|0,28|36,0|0,4|3,12|12,4|8,2|0,2|1,11|9,5|5,0.164,24,0.105,4.804,1,"{'sustain': 0.2135, 'sostenuto': 0.0}",0.0|0.0,0,0,1.5|1.0
./mxl/4/36/Qmepg1r1PyQ5N2bT28PjPV6ZRVVBNopDd8nHJjbcJc3np9.mxl,True,4,,,Robert Schumann,"Sicilienne (no. 11 from Album for the Young, op. 68)",,"1 pitched part(s), staves 2",True,39,37,99.0,confirmed,6/8 2/4,compound simple,1,0,0,6,sound tempo,112,3.54,8.01,7.0,1.0,59|79,47|66,0|2,1|2,13.79|9.13,16th|eighth,0|0,0|0,0|0,2|0,2|3,8|10,0|0,0|0,3|3,14|6,0|0,0.606,0,0.188,4.336,0,"{'sustain': 0.0, 'sostenuto': 0.0}",0.2564|0.1901,0,2,1.667|2.0
./mxl/5/29/QmfKWGMd7CRmVVYsnHEeNcERCrZ9KqRZWTj969wUVyHAvw.mxl,True,4,,,"Tchaikovsky, Pyotr Il’yich",Italian Song (no. 15),,"1 pitched part(s), staves 2",True,49,49,73.5,none,3/8,simple,0,2,0,0,metronome,110.0,4.02,8.73,5.5,1.0,54|76,38|62,0|1,3|1,2.52|0.0,16th|eighth,0|0,4|0,0|0,2|0,2|2,8|5,0|0,0|2,2|3,12|138,2|3,0.571,0,0.251,3.59,0,"{'sustain': 0.0, 'sostenuto': 0.0}",0.2982|0.0342,0,0,1.333|3.333
build\pieces\shelf\adieu-op-100-no-12.musicxml,True,4,,,F. Burgmüller,Adieu (Op. 100 No. 12),,"1 pitched part(s), staves 2",True,42,42,165.5,confirmed,4/4,simple,0,0,0,3,metronome,184,7.91,11.12,9.2,1.0,60|93,45|69,4|2,1|2,4.72|4.21,eighth|eighth,1|0,0|0,86|40,1|0,2|4,9|10,0|0,2|0,2|4,96|96,0|0,0.276,0,0.055,4.262,0,"{'sustain': 0.0, 'sostenuto': 0.0}",0.0|0.0,0,0,2.0|1.0
build\pieces\shelf\la-gracieuse-op-100-no-8.musicxml,True,4,,,F. Burgmüller,La gracieuse (Op. 100 No. 8),,"1 pitched part(s), staves 2",True,16,16,48.0,none,3/4,simple,0,-1,0,0,metronome,100,5.69,11.04,7.08,1.0,67|101,41|65,4|2,0|0,11.92|5.51,32nd|32nd,4|0,0|0,0|0,0|0,3|3,10|10,0|0,1|1,3|6,10|12,0|0,0.232,0,0.097,4.615,1,"{'sustain': 0.0, 'sostenuto': 0.0}",0.0|0.0,0,1,3.833|3.0
build\pieces\shelf\sonatina-in-b-flat-major-ii-andante-con-espressione-op-36-no-4.musicxml,True,4,,,M. Clementi,"Sonatina in B flat major, II. Andante con espressione (Op. 36 No. 4)",,"1 pitched part(s), staves 2",True,46,46,92.0,none,2/4,simple,0,-2,0,6,none,UNKNOWN,,,,,62|86,34|77,2|2,0|2,7.8|2.19,32nd|16th,0|0,2|2,0|0,0|0,2|2,8|12,0|14,0|6,5|8,48|32,17|2,0.407,0,0.352,4.4,0,"{'sustain': 0.0, 'sostenuto': 0.0}",0.0|0.0,0,0,4.0|2.0
build\pieces\shelf\sonatina-in-c-major-ii-allegretto-op-36-no-2.musicxml,True,4,,,M. Clementi,"Sonatina in C major, II. Allegretto (Op. 36 No. 2)",,"1 pitched part(s), staves 2",True,28,28,84.0,none,3/4,simple,0,0,0,0,none,UNKNOWN,,,,,59|84,36|62,2|1,1|2,7.56|2.99,16th|16th,0|0,41|34,0|0,0|0,2|4,4|24,0|0,0|14,2|1,5|13,0|6,0.306,0,0.04,4.489,0,"{'sustain': 0.0, 'sostenuto': 0.0}",0.0|0.0,0,0,1.5|1.333
build\pieces\shelf\sonatina-in-f-major-i-con-spirito-op-36-no-4.musicxml,True,4,,,M. Clementi,"Sonatina in F major, I. Con spirito (Op. 36 No. 4)",,"1 pitched part(s), staves 2",True,71,71,213.0,none,3/4,simple,0,-1,0,4,none,UNKNOWN,,,,,57|89,36|72,3|3,2|2,7.69|6.83,16th|16th,0|0,4|2,0|0,0|0,3|3,8|12,0|4,0|1,4|6,112|49,2|1,0.299,0,0.11,4.673,0,"{'sustain': 0.0, 'sostenuto': 0.0}",0.0|0.0,0,2,2.333|2.0
build\pieces\shelf\sonatina-in-f-major-iii-allegro-vivace-op-36-no-4.musicxml,True,4,,,M. Clementi,"Sonatina in F major, III. Allegro vivace (Op. 36 No. 4)",,"1 pitched part(s), staves 2",True,53,53,102.0,confirmed,2/4,simple,0,-1,0,8,none,UNKNOWN,,,,,53|88,36|74,3|3,3|2,3.16|3.72,32nd|16th,0|0,0|0,53|46,0|0,3|4,8|12,0|17,1|6,2|2,66|48,0|1,0.212,1,0.048,4.591,0,"{'sustain': 0.0, 'sostenuto': 0.0}",0.0|0.0,0,0,3.5|3.0
build\pieces\shelf\sonatina-in-g-major-i-allegretto-op-36-no-2.musicxml,True,4,,,M. Clementi,"Sonatina in G major, I. Allegretto (Op. 36 No. 2)",,"1 pitched part(s), staves 2",True,61,61,118.0,confirmed,2/4,simple,0,1,0,0,none,UNKNOWN,,,,,62|86,38|66,2|2,0|1,5.72|3.15,16th|16th,0|0,0|0,0|0,0|0,3|2,8|12,0|1,2|0,3|2,42|37,0|0,0.452,0,0.132,4.55,0,"{'sustain': 0.0, 'sostenuto': 0.0}",0.0|0.0,0,2,3.0|2.0
build\pieces\shelf\sonatina-in-g-major-iii-allegro-op-36-no-2.musicxml,True,4,,,M. Clementi,"Sonatina in G major, III. Allegro (Op. 36 No. 2)",,"1 pitched part(s), staves 2",True,111,111,166.5,none,3/8,simple,0,1,0,0,none,UNKNOWN,,,,,59|86,43|64,2|2,1|0,5.66|4.36,16th|16th,0|0,2|0,0|0,2|0,3|3,8|7,0|0,5|3,3|5,24|31,0|0,0.428,0,0.136,4.299,0,"{'sustain': 0.0, 'sostenuto': 0.0}",0.0|0.0,0,0,2.667|2.0
./mxl/0/13/QmacRUvugXM4ARuvKy3w2Mwttj7MFjWE9ezrc9SJTYuW9S.mxl,True,5,,,Clementi,"Spiritoso (1st movt from Sonatina in C, Op. 36 No. 3)",,"1 pitched part(s), staves 2",True,162,162,484.0,none,4/4 4/4 2/4,simple,2,0,2,17,metronome,120,4.55,7.72,8.0,1.0,50|89,36|71,3|2,3|2,4.08|1.57,16th|16th,31|0,16|0,0|0,11|0,3|3,9|12,0|9,2|0,4|17,64|88,0|2,0.427,0,0.047,4.754,0,"{'sustain': 0.0, 'sostenuto': 0.0}",0.1353|0.019,0,4,2.5|2.0
./mxl/10/14/QmSCiwAKoRY8r6EsmBqzJhvdyYTP5EqQnN3gdNAMfELbzw.mxl,True,5,,,"Bach, Johann Sebastian","Minuet in G Minor, BWV 842",,"1 pitched part(s), staves 2",True,18,18,54.0,none,3/4,simple,0,-2,0,0,none,UNKNOWN,,,,,60|81,38|65,1|2,1|1,9.68|7.46,16th|eighth,0|1,0|0,0|0,0|0,1|2,0|8,0|0,0|0,2|2,12|12,0|13,0.467,0,0.342,4.634,0,"{'sustain': 0.0, 'sostenuto': 0.0}",0.0|0.0,0,2,2.0|1.0
./mxl/10/16/QmSDCwHjSSFa5GvZL9fzKZgXjk9bK7VSXiaHXhKomLydpf.mxl,True,5,,,"Bach, Johann Sebastian","Invention No. 11 in G Minor, BWV 782",,"2 pitched part(s), staves 1+1",True,23,23,92.0,none,4/4,simple,0,-2,0,0,none,UNKNOWN,,,,,60|82,36|63,1|2,1|2,14.58|16.2,16th|16th,0|0,3|0,0|0,0|0,1|1,0|0,0|0,0|0,2|1,61|60,0|0,0.582,0,0.239,4.938,0,"{'sustain': 0.0, 'sostenuto': 0.0}",0.0|0.0,0,0,3.25|3.0
./mxl/11/15/QmTdWdv8SDSC62Hnxm4gCoDbFsJ4vcSwnWbEAbnY7f3kvz.mxl,True,5,,,Chopin F.,Prelude in C minor Op 28 No 20,,"1 pitched part(s), staves 2",True,13,13,52.0,none,4/4,simple,0,-3,0,0,sound tempo,40,0.78,3.67,0.83,1.0,55|75,24|60,0|1,2|5,14.71|24.0,16th|quarter,0|0,12|0,0|0,0|0,4|6,14|36,0|26,1|1,2|2,11|24,5|6,0.787,0,0.308,4.929,0,"{'sustain': 0.0769, 'sostenuto': 0.0}",0.0|0.0,0,0,3.0|2.0
./mxl/11/50/QmTweH6fqVhz4zYvL7uDEj1Lj4vGcSsuG8E2ou1swGDHo2.mxl,True,5,,,Czerny C.,Etude in Bb major Op 821 No 11,,"1 pitched part(s), staves 2",True,8,8,32.0,none,4/4,simple,0,-2,0,4,metronome,120,7.56,18.0,8.0,1.0,69|96,49|67,5|2,0|1,2.48|2.17,16th|eighth,0|0,0|0,0|0,0|0,2|3,12|10,121|0,0|0,8|2,120|5,0|6,0.248,0,0.292,4.384,0,"{'sustain': 0.0, 'sostenuto': 0.0}",0.0|0.5946,0,0,8.0|1.375
./mxl/11/8/QmT9NqLb9PRKSzEJQhgM2iaYrLhUDVQMFc3Vp7BXe4r2eR.mxl,True,5,,,J.S. Bach,"Little Prelude in D Minor, BWV 926",,"2 pitched part(s), staves 1+1",True,48,48,144.0,none,3/4,simple,0,-1,0,0,none,UNKNOWN,,,,,57|83,37|64,1|2,2|2,13.87|10.49,16th|16th,2|0,0|0,0|0,0|0,3|1,10|0,0|0,0|1,2|2,125|24,0|0,0.314,1,0.209,4.685,0,"{'sustain': 0.0, 'sostenuto': 0.0}",0.0|0.0,0,0,2.0|1.0
./mxl/12/11/QmUbCP81miGkFzFSk3cTqCXyNV4psQm4UM33sjmc4Twpae.mxl,True,5,,,"Bach, Johann Sebastian","Invention No. 13 in A Minor, BWV 784",,"2 pitched part(s), staves 1+1",True,25,25,100.0,none,4/4,simple,0,0,0,0,metronome,90,7.28,10.35,7.57,1.0,54|84,38|69,2|3,3|1,8.06|11.79,16th|16th,0|0,0|0,0|0,0|0,1|1,0|0,0|0,2|5,1|1,51|24,0|0,0.421,0,0.122,4.85,0,"{'sustain': 0.0, 'sostenuto': 0.0}",0.0|0.0,0,0,3.0|2.75
./mxl/12/21/QmUgKKU4f6dAocxy7yJ75kF1v47RaPfK1ysUvqZWD7twTS.mxl,True,5,,,"Bach, Johann Sebastian","March in E flat Major, BWV Anh. 127",,"2 pitched part(s), staves 1+1",True,30,30,112.0,confirmed,2/2,simple,0,-3,0,0,none,UNKNOWN,,,,,63|84,34|60,2|1,0|2,3.74|2.76,eighth|eighth,0|0,0|0,23|0,0|0,2|2,4|5,0|0,0|1,4|7,20|31,0|0,0.465,0,0.427,4.473,0,"{'sustain': 0.0, 'sostenuto': 0.0}",0.0|0.0,0,2,2.0|1.0
./mxl/12/42/QmUsAkreJDYuBXm1cxjLDGSghwYUmUbe7J2XbxN9hnyDAH.mxl,True,5,,,Kuhlau F.,Sonatina in C major Op 20 No 1 - mvt 2 Andante,,"1 pitched part(s), staves 2",True,256,256,682.5,none,4/4 6/8 2/4,compound simple,2,0,2,25,metronome,130,5.19,8.28,7.85,1.0,52|96,35|72,5|3,2|2,8.75|2.38,32nd|32nd,3|0,42|0,32|0,0|0,4|3,12|12,0|37,9|2,15|7,74|68,2|17,0.287,0,0.088,4.884,1,"{'sustain': 0.0, 'sostenuto': 0.0}",0.0|0.0,0,3,3.0|2.0
./mxl/14/44/QmWtmdgRHpAfkEhet1VrX1ZDpqGFGMDCd8y2BsFzL3yAXj.mxl,True,5,,,"Bach, Johann Sebastian","Little Prelude in A Minor, BWV 942",,"2 pitched part(s), staves 1+1",True,17,17,76.5,none,9/8,compound,0,0,0,0,none,UNKNOWN,,,,,52|84,40|65,2|2,3|1,20.0|17.27,16th|16th,0|0,0|0,0|0,0|0,1|1,0|0,0|0,0|0,2|1,36|15,0|0,0.462,0,0.179,4.875,0,"{'sustain': 0.0, 'sostenuto': 0.0}",0.0|0.0,0,0,2.222|1.556
./mxl/15/12/QmXBTmTs5nddMCxeoQXdYD449AgBmfcHcv2oFDMNTn4Se3.mxl,True,5,,,Farrenc L.,Etude in A minor (No 2 from 25 etudes faciles Op 50),,"1 pitched part(s), staves 2",True,31,31,93.0,none,6/8,compound,0,0,0,0,none,UNKNOWN,,,,,57|89,45|65,3|2,2|0,8.9|4.91,16th|16th,0|0,0|0,0|0,12|0,4|4,12|12,0|1,3|0,3|4,15|84,0|2,0.468,0,0.111,4.46,0,"{'sustain': 0.0, 'sostenuto': 0.0}",0.0|0.0,0,0,2.0|3.333
./mxl/16/16/QmYDvsjMFNH9ZdPZKuo8JEQihnXgG5cKPYZdQscgEdyKNn.mxl,True,5,,,"Bach, Johann Sebastian","Invention No. 10 in G Major, BWV 781",,"1 pitched part(s), staves 2",True,32,32,144.0,none,9/8,compound,0,1,0,0,sound tempo,184,11.05,15.89,24.53,1.0,55|84,38|67,2|3,2|1,1.44|1.42,32nd|32nd,0|0,0|0,0|0,0|0,1|1,0|0,0|0,0|0,2|2,148|76,0|0,0.437,0,0.133,4.379,0,"{'sustain': 0.0, 'sostenuto': 0.0}",0.0|0.0,0,0,2.0|2.0
./mxl/16/39/QmYQnU8bSLrm9DYcBMyvh3UVC93hAbNU4MCBBZzSzwHQQF.mxl,True,5,,,Johann Sebastian Bach,"Prelude in C, BWV 846 (from The Well-Tempered Clavier book 1)",,"1 pitched part(s), staves 2",True,35,35,140.0,none,4/4,simple,0,0,0,0,sound tempo,80,5.0,5.03,5.33,1.0,53|81,36|64,1|2,3|2,1.72|2.84,16th|16th,0|0,0|0,0|0,0|0,3|2,8|12,0|1,3|3,1|16,14|66,0|34,0.002,0,0.069,4.415,0,"{'sustain': 1.0, 'sostenuto': 0.0}",0.0|0.0,0,0,3.0|1.5
./mxl/17/50/QmZwC4zWei5ivTZDoe3z9V5YTBZWGKYhtNiZQVkyLRpuch.mxl,True,5,,,J. S. Bach,"Invention No. 8 in F, BWV 779",,"1 pitched part(s), staves 2",True,34,34,102.0,none,3/4,simple,0,-1,0,2,metronome,120,7.18,11.5,8.0,1.0,53|84,36|72,2|3,3|2,5.72|4.65,16th|16th,0|0,0|0,0|0,0|0,3|1,8|0,0|0,0|1,1|1,36|36,0|0,0.598,0,0.159,4.836,0,"{'sustain': 0.0, 'sostenuto': 0.0}",0.4441|0.4452,0,0,3.333|3.667
./mxl/3/53/QmdXWkWbF5xQQnBwYR2LFiiSDjY7kWswUocDNAwKbeviFe.mxl,True,5,,,Beethoven L.,Bagatelle No 25 in A minor WoO 59 (Fur Elise),,"1 pitched part(s), staves 2",True,106,106,157.0,confirmed,3/8,simple,0,0,0,10,sound tempo,72,4.57,6.21,9.6,1.0,57|100,33|76,3|2,2|3,14.79|9.4,32nd|16th,0|0,12|0,15|0,3|0,4|3,9|12,0|3,4|24,4|5,61|48,0|0,0.196,5,0.124,4.693,1,"{'sustain': 0.3774, 'sostenuto': 0.0}",0.0|0.0,0,2,2.667|2.0
./mxl/4/20/QmeFe141bz3q769xSR2M7uBnWqLdMXWgje81eFkbaVoX1A.mxl,True,5,,,Handel G.,Suite in D minor HWV 437 - mvt 3 Sarabande,,"1 pitched part(s), staves 2",True,16,16,96.0,none,3/2,UNKNOWN,0,-1,0,0,metronome,140,1.56,4.01,1.94,1.0,57|77,38|58,0|0,2|1,7.27|0.0,quarter|quarter,0|0,0|0,0|0,0|0,3|2,10|12,0|4,0|0,2|2,5|9,0|1,0.531,0,0.133,4.426,0,"{'sustain': 0.0, 'sostenuto': 0.0}",0.0|0.0,0,1,1.167|0.584
./mxl/9/39/QmRQ3eoq759Z6aMk6uJxun1gS1AVazFPhuYAyNgxjgsmpd.mxl,True,5,,,J. S. Bach,"Invention No. 8 in F, BWV 779",,"1 pitched part(s), staves 2",True,34,34,102.0,none,3/4,simple,0,-1,0,2,none,UNKNOWN,,,,,53|84,34|72,2|3,3|2,5.05|3.99,16th|16th,0|0,0|0,0|0,0|0,3|1,8|0,0|0,0|2,1|1,36|36,0|0,0.598,0,0.161,4.839,0,"{'sustain': 0.0, 'sostenuto': 0.0}",0.0|0.0,0,0,3.333|3.667
build\pieces\shelf\harvest-song-op-68-no-24.musicxml,True,5,,,R. Schumann,Harvest song (Op. 68 No. 24),,"1 pitched part(s), staves 2",True,28,28,78.0,confirmed,6/8,compound,0,3,0,0,metronome,132,3.44,8.74,4.63,1.0,61|83,52|69,1|3,1|0,3.35|4.38,16th|eighth,0|0,0|0,0|0,12|0,3|3,12|10,1|0,0|0,4|3,10|4,5|2,0.615,0,0.39,3.944,0,"{'sustain': 0.0, 'sostenuto': 0.0}",0.0|0.0,0,2,2.333|1.667
build\pieces\shelf\invention-in-d-minor-bwv-775.musicxml,True,5,,,J. S. Bach,Invention in D minor (BWV 775),,"1 pitched part(s), staves 2",True,52,52,78.0,none,3/8,simple,0,-1,0,0,none,UNKNOWN,,,,,60|82,36|65,1|2,1|2,13.65|8.33,16th|16th,0|0,4|2,0|0,0|0,1|1,0|0,0|0,0|1,3|2,87|38,0|0,0.464,0,0.176,4.946,0,"{'sustain': 0.0, 'sostenuto': 0.0}",0.0|0.0,0,0,4.0|2.667
build\pieces\shelf\sonatina-in-c-major-i-spiritoso-op-36-no-3.musicxml,True,5,,,M. Clementi,"Sonatina in C major, I. Spiritoso (Op. 36 No. 3)",,"1 pitched part(s), staves 2",True,64,64,256.0,none,4/4,simple,0,0,0,4,none,UNKNOWN,,,,,50|89,36|69,3|2,2|2,6.32|3.4,16th|eighth,6|0,0|0,0|0,10|0,3|3,9|17,0|7,0|0,4|9,33|56,0|3,0.478,0,0.062,4.847,0,"{'sustain': 0.0, 'sostenuto': 0.0}",0.0|0.0,0,2,2.5|2.0
build\pieces\shelf\sonatina-in-c-major-iii-allegro-op-36-no-3.musicxml,True,5,,,M. Clementi,"Sonatina in C major, III. Allegro (Op. 36 No. 3)",,"1 pitched part(s), staves 2",True,82,82,164.0,none,2/4,simple,0,0,0,7,none,UNKNOWN,,,,,60|88,47|67,3|2,1|2,2.97|0.7,16th|16th,8|0,0|0,0|0,0|0,1|3,0|12,0|2,2|0,3|11,64|57,0|0,0.365,0,0.02,4.455,0,"{'sustain': 0.0, 'sostenuto': 0.0}",0.0|0.0,0,0,2.5|3.5
build\pieces\shelf\sonatina-in-g-major-ii-un-poco-adagio-op-36-no-3.musicxml,True,5,,,M. Clementi,"Sonatina in G major, II. Un poco adagio (Op. 36 No. 3)",,"1 pitched part(s), staves 2",True,16,16,64.0,none,2/2,simple,0,1,0,2,none,UNKNOWN,,,,,59|86,48|71,2|1,1|1,2.41|1.89,16th|quarter,17|0,16|0,0|0,1|0,2|2,20|10,0|0,2|0,1|2,7|23,2|0,0.319,0,0.103,4.101,0,"{'sustain': 0.0, 'sostenuto': 0.0}",0.0|0.0,0,2,1.0|1.0
./mxl/0/4/Qma58kekAvv9TsecniR4ja9nDEv3GD4os1aDq9r8ZfzvD8.mxl,True,6,,,"Bach, Johann Sebastian","Little Prelude in C Major, BWV 933",,"1 pitched part(s), staves 2",True,16,16,64.0,none,4/4,simple,0,0,0,0,metronome,88,5.71,8.87,6.42,1.0,55|84,36|67,2|3,2|2,4.27|2.58,32nd|16th,0|0,0|0,2|0,0|0,3|1,12|0,0|0,0|0,3|1,51|31,8|0,0.378,0,0.047,4.557,0,"{'sustain': 0.0, 'sostenuto': 0.0}",0.6509|0.6452,0,2,3.875|2.0
./mxl/1/15/Qmbdw8eizXb9tc5HvoQkKgBeNqDWPgvLWcZuKu8coKyXJP.mxl,True,6,,,W.A. Mozart,"Sonata in C Major, K 545: I",,"1 pitched part(s), staves 2",True,222,222,660.0,none,4/4 3/4 2/4,simple,2,0,2,15,metronome,120,4.8,7.23,8.0,1.0,55|89,36|74,3|3,2|3,8.43|4.76,32nd|16th,0|11,26|0,0|0,11|0,3|3,9|12,0|13,4|12,4|16,60|648,6|14,0.383,0,0.108,4.825,0,"{'sustain': 0.009, 'sostenuto': 0.0}",0.1064|0.0115,0,5,3.0|3.0
./mxl/11/26/QmTjtmaXgH4Xr81Xkdgs4YFRTwvuoXcoGagyjmez2pkuEJ.mxl,True,6,,,"Satie, Eric",Gnossienne No. 3,,"1 pitched part(s), staves 2",True,54,54,216.0,none,4/4,simple,0,0,0,0,metronome,60,1.35,2.75,2.0,1.0,64|81,30|69,1|3,0|4,20.5|4.23,eighth|quarter,0|0,0|0,0|0,7|0,1|3,0|9,0|0,0|98,2|4,34|54,0|54,0.291,0,0.191,4.524,0,"{'sustain': 0.0, 'sostenuto': 0.0}",0.0|0.0,0,0,1.25|1.75
./mxl/15/46/QmXuaSpKjt2d9DGbnQ9wX6jnKJVcL2fAXkuKPM89ErM5Zf.mxl,True,6,,,Chopin F.,Cantabile in Bb major B 84,,"2 pitched part(s), staves 1+1",True,14,14,42.0,none,6/8,compound,0,-2,0,0,metronome,45,1.56,3.95,1.96,1.0,62|82,34|69,1|3,0|2,5.88|13.29,16th|eighth,0|0,0|0,2|0,1|0,2|3,10|10,0|0,1|12,2|2,5|69,0|0,0.441,0,0.362,4.46,0,"{'sustain': 1.0, 'sostenuto': 0.0}",0.2188|0.0,0,0,1.333|4.5
./mxl/16/22/QmYGyXrZr23KUSiWzFpzbmwbRQdk6Y35dpjVQU7PD5yg56.mxl,True,6,,,Brahms J.,Waltz No 10 in G major Op 39,,"1 pitched part(s), staves 2",True,32,32,96.0,none,3/4,simple,0,1,0,0,metronome,150,3.85,11.61,5.0,1.0,59|81,30|65,1|2,1|4,9.85|3.45,eighth|quarter,0|0,0|0,0|0,6|0,3|3,15|12,0|24,0|23,2|2,30|71,0|0,0.615,0,0.22,4.694,0,"{'sustain': 0.0, 'sostenuto': 0.0}",0.0|0.0,0,0,3.0|1.667
./mxl/2/44/QmctmRvB7JG2SER77Ns1bRND7hebrG2NuXAwVKiJ7Wk4iJ.mxl,True,6,,,J. S. Bach,"Invention No. 6 in E, BWV 777",,"1 pitched part(s), staves 2",True,124,124,186.0,none,3/8,simple,0,4,0,0,sound tempo,72,5.72,7.06,7.2,1.0,56|83,35|64,1|2,2|2,10.28|8.14,32nd|32nd,0|0,0|0,0|0,0|0,1|1,0|0,0|0,9|6,1|1,21|31,0|0,0.235,0,0.58,4.861,0,"{'sustain': 0.0, 'sostenuto': 0.0}",0.0|0.0,0,0,2.667|2.0
./mxl/3/42/QmdsaGvFWZ8VSzf5PFPfbLkbQvvDSjvRXyjP7MfkKq4C8s.mxl,True,6,,,Beethoven,"Für Elise, WoO 59",,"1 pitched part(s), staves 2",True,106,106,157.0,confirmed,3/8,simple,0,0,0,10,sound tempo,53,3.71,5.07,7.07,1.0,57|100,33|76,3|2,2|3,15.18|7.49,32nd|16th,0|0,12|0,15|0,3|0,4|3,9|12,0|3,4|24,4|30,61|96,0|0,0.198,3,0.134,4.705,1,"{'sustain': 0.0, 'sostenuto': 0.0}",0.0|0.0,0,2,2.667|2.0
./mxl/7/15/QmPd5AzwrvBgj6EwTiu1uvG5Hoc8X2GSxqyrDycqrCY6w4.mxl,True,6,,,"Bach, Johann Sebastian","Invention No. 7 in E Minor, BWV 778",,"1 pitched part(s), staves 2",True,23,23,92.0,none,4/4,simple,0,1,0,0,metronome,72,5.89,8.68,7.57,1.0,59|84,36|67,2|3,1|2,5.16|6.69,32nd|32nd,0|0,2|1,0|0,0|0,1|1,0|0,0|0,0|2,3|1,54|74,0|0,0.473,0,0.263,4.745,0,"{'sustain': 0.0, 'sostenuto': 0.0}",0.0|0.0,0,0,3.75|3.5
./mxl/7/44/QmPtDiCNEdqSNMe1JDkfNEBrcwQtsWNo43WNCpa8X2gpct.mxl,True,6,,,"Bach, Johann Sebastian","Little Prelude in D Major, BWV 936",,"1 pitched part(s), staves 2",True,48,48,96.0,none,2/4,simple,0,2,0,0,metronome,80,4.15,6.58,5.33,1.0,56|88,38|64,3|2,2|1,8.72|10.58,16th|16th,0|0,0|2,0|0,0|0,2|2,16|9,1|0,0|1,3|2,65|48,32|4,0.538,0,0.272,4.817,0,"{'sustain': 0.0, 'sostenuto': 0.0}",0.0|0.0,0,2,3.25|2.0
./mxl/7/53/QmPXBnwYth7knzNKpr3uWgZqxfnQ7DLkhjj9Zo8tHQN8t3.mxl,True,6,,,"Bach, Johann Sebastian","Invention No. 9 in F Minor, BWV 780",,"1 pitched part(s), staves 2",True,34,34,102.0,none,3/4,simple,0,-4,0,0,metronome,UNKNOWN,0.27,0.53,,0.029,60|84,36|70,2|4,1|2,13.48|17.08,32nd|16th,0|0,0|0,0|0,0|0,1|1,0|0,0|0,3|1,2|1,19|47,0|0,0.43,0,0.377,5.042,0,"{'sustain': 0.0, 'sostenuto': 0.0}",0.0|0.0,0,0,3.0|3.333
build\pieces\shelf\invention-in-b-flat-major-bwv-785.musicxml,True,6,,,J. S. Bach,Invention in B flat major (BWV 785),,"1 pitched part(s), staves 2",True,20,20,80.0,none,4/4,simple,0,-2,0,0,none,UNKNOWN,,,,,57|82,36|65,1|2,2|2,3.36|3.38,32nd|32nd,0|0,3|4,0|0,0|0,2|1,4|0,0|0,0|1,2|1,8|8,1|0,0.417,0,0.321,4.749,0,"{'sustain': 0.0, 'sostenuto': 0.0}",0.0|0.0,0,0,4.5|4.25
build\pieces\shelf\knecht-ruprecht-op-68-no-12.musicxml,True,6,,,R. Schumann,Knecht Ruprecht (Op. 68 No. 12),,"1 pitched part(s), staves 2",True,72,72,144.0,none,2/4,simple,0,0,2,20,metronome,116.0,5.56,11.8,7.73,1.0,45|81,33|69,1|2,2|3,11.05|7.71,16th|16th,2|4,0|0,0|0,0|0,4|2,9|7,0|0,7|5,3|3,96|60,6|1,0.845,0,0.157,4.927,0,"{'sustain': 0.0, 'sostenuto': 0.0}",0.0|0.0,0,3,4.0|2.0
build\pieces\shelf\piano-sonata-16-in-c-major-movement-1-k-545.musicxml,True,6,,,W. A. Mozart,Piano Sonata 16 in C major - Movement 1 (K.545),,"1 pitched part(s), staves 2",True,73,73,292.0,none,4/4,simple,0,0,0,15,none,UNKNOWN,,,,,55|89,36|74,3|2,2|2,6.04|4.57,32nd|16th,0|4,4|0,0|0,11|0,3|3,9|12,0|7,11|4,3|16,32|80,4|0,0.183,0,0.076,4.771,0,"{'sustain': 0.0, 'sostenuto': 0.0}",0.0|0.0,0,2,2.0|2.0
./mxl/1/19/Qmbfda5RowJHgjva4RjA34oPiZ38G1EjEEgomygxKcqXKi.mxl,True,7,,,"Bach, Johann Sebastian","Prelude and Fugue in C Minor, BWV 847",,"1 pitched part(s), staves 2",True,69,69,276.0,none,4/4,simple,0,-3,0,4,sound tempo,UNKNOWN,6.68,11.54,9.6,0.609,47|84,36|68,2|2,3|2,10.67|7.13,64th|16th,0|0,1|0,0|0,0|0,4|3,16|12,6|1,12|9,2|1,397|415,27|9,0.628,2,0.289,4.806,0,"{'sustain': 0.0, 'sostenuto': 0.0}",0.0|0.0,0,0,4.0|4.0
./mxl/11/26/QmTjD7qrdZCaNYy77zdiBjVy3NKkS1bbyj4LvTyivfZTPW.mxl,True,7,,,"Chopin, Frédéric","Waltz in D flat Major, op. 64, no. 1 (“Minute”)",,"1 pitched part(s), staves 2",True,125,125,375.0,none,3/4,simple,0,-5,0,1,metronome,220.0,6.16,11.7,10.08,1.0,60|101,36|70,3|3,1|7,10.97|2.13,eighth|quarter,9|0,0|0,16|0,10|0,4|3,23|12,0|0,2|10,3|5,48|59,14|2,0.371,0,0.635,4.63,2,"{'sustain': 0.832, 'sostenuto': 0.0}",0.0|0.0,0,1,2.0|1.667
./mxl/12/56/QmUzEXuuy2xGqdaAD2Yv2sjPTg1TBHecppsHjr7cqidhxp.mxl,True,7,,,"Bach, Johann Sebastian","Sinfonia No. 1 in C Major, BWV 787",,"1 pitched part(s), staves 2",True,21,21,84.0,none,4/4,simple,0,0,0,2,"sound tempo (120 only, possible exporter default)",UNKNOWN,,,,,60|84,37|72,2|3,1|2,5.43|3.69,32nd|16th,3|0,0|0,0|0,0|0,2|2,21|9,0|0,2|5,2|2,27|72,18|5,0.617,0,0.077,4.815,0,"{'sustain': 0.0, 'sostenuto': 0.0}",0.0|0.0,0,0,4.25|4.0
./mxl/14/24/QmWHjTTbQJFLQHZ94V55odFCFxDY5n2sKoDBy9sSLBthdj.mxl,True,7,,,Johann Sebastian Bach,"Aria (from Goldberg Variations, BWV 988)",,"1 pitched part(s), staves 2",True,990,990,3007.583,none,3/4 2/4 12/8 3/8 3/4 3/8 6/8 3/4 4/4 2/2 12/16 3/4 2/4 2/2 3/8 2/2 3/4 2/2 3/8 3/4 4/4 2/2 3/4 9/8 3/4 18/16 3/4 18/16 3/4 18/16 6/8 3/4 4/4 3/4,UNKNOWN compound simple,33,1,6,222,sound tempo,72,5.76,8.93,14.4,1.0,38|86,31|86,3|4,3|3,8.49|7.67,64th|32nd,17|52,64|43,190|159,123|13,4|4,24|26,31|63,141|175,4|4,144|138,418|355,0.417,18,0.202,4.937,0,"{'sustain': 0.0, 'sostenuto': 0.0}",0.0|0.0,0,64,3.333|2.667
./mxl/16/9/QmYabfdUM8Lsp5UYzUaznfApPGC7uA2vShMR6xTFXtMGJ2.mxl,True,7,,,"Schubert, Franz",Impromptu in A flat Major (no. 2),,"1 pitched part(s), staves 2",True,150,150,441.0,confirmed,3/4,simple,0,-4,4,0,"sound tempo (120 only, possible exporter default)",UNKNOWN,,,,,52|97,28|65,2|2,3|4,7.48|9.12,16th|16th,44|12,8|2,119|28,10|1,5|6,12|30,1|41,1|18,6|30,357|45,54|105,0.426,0,0.676,5.094,1,"{'sustain': 0.0067, 'sostenuto': 0.0}",0.1516|0.015,0,4,3.0|1.0
./mxl/17/50/QmZwDV4StECtWiuytYnbuNyftu958qcTv726nQZjbtPbLe.mxl,True,7,,,Scriabin A.,Prelude - op 16 no 4 Eb minor,,"1 pitched part(s), staves 2",True,12,12,36.0,none,3/4,simple,0,-6,0,0,metronome,44,1.26,3.48,1.41,1.0,53|76,31|54,0|0,3|3,3.42|7.41,16th|16th,0|0,1|1,8|0,0|0,4|3,14|12,0|12,0|0,3|3,4|4,5|0,0.371,0,0.725,4.586,0,"{'sustain': 0.0, 'sostenuto': 0.0}",0.0|0.0,0,0,3.5|1.667
./mxl/2/16/QmcDjQjrg1tFYcDQGB8ZysNffHXaZWtwzf2TmUPe2Zc5YC.mxl,True,7,,,Scriabin A.,Prelude - op 16 no 3 Gb major,,"1 pitched part(s), staves 2",True,35,35,140.0,none,4/4,simple,0,-6,0,10,metronome,63,1.53,3.74,3.34,1.0,51|82,25|70,2|3,3|5,3.22|6.15,16th|quarter,0|0,0|0,43|0,0|0,4|3,12|15,0|40,4|6,3|2,17|71,9|5,0.507,0,0.758,4.717,0,"{'sustain': 0.0, 'sostenuto': 0.0}",0.0|0.0,0,0,2.25|2.0
./mxl/5/57/QmfZTrMTJo9d1fYkQhrfRZYJ5T1qUAo6tyBo1CGDY6yiLm.mxl,True,7,,,J.S. Bach,"Sinfonia No. 2 in C Minor, BWV 788",,"1 pitched part(s), staves 2",True,32,32,192.0,none,12/8,compound,0,-3,0,0,none,UNKNOWN,,,,,55|84,36|68,2|3,2|2,7.44|11.37,32nd|32nd,0|0,0|0,0|0,0|0,2|1,20|0,3|0,11|2,3|2,60|60,30|4,0.282,0,0.335,4.796,0,"{'sustain': 0.0, 'sostenuto': 0.0}",0.0|0.0,0,0,2.667|1.583
./mxl/9/36/QmRpQq3Bg9fZA6hAhAjQQ7vrd986k5BqSenkWwE9U83V6x.mxl,True,7,,,Joplin S.,Magnetic Rag,,"1 pitched part(s), staves 2",True,109,109,432.0,none,4/4,simple,0,-2,2,6,sound tempo,117,3.22,7.84,3.9,1.0,53|87,33|72,3|3,3|3,7.59|9.72,32nd|32nd,9|0,0|0,0|0,20|0,5|3,31|12,9|186,6|88,3|3,52|137,63|15,0.417,0,0.402,5.076,0,"{'sustain': 0.0, 'sostenuto': 0.0}",0.4035|0.0971,0,5,2.25|2.25
build\pieces\shelf\invention-in-a-major-bwv-783.musicxml,True,7,,,J. S. Bach,Invention in A major (BWV 783),,"1 pitched part(s), staves 2",True,21,21,126.0,none,12/8,compound,0,3,0,0,none,UNKNOWN,,,,,56|83,37|69,1|3,2|2,5.63|4.75,16th|16th,0|0,0|0,0|0,0|0,1|1,0|0,0|0,0|5,5|4,48|71,0|1,0.376,0,0.423,4.781,0,"{'sustain': 0.0, 'sostenuto': 0.0}",0.0|0.0,0,0,2.667|2.833
content/scores/imported/musetrainer/scores/Chopin_-_Nocturne_Op_9_No_2_E_Flat_Major.mxl,True,7,,,Chopin,"Nocturne in E flat Major, op. 9, no. 2",,"1 pitched part(s), staves 2",True,38,38,212.5,confirmed,12/8 6/4 2/4 12/8,UNKNOWN compound simple,3,-3,0,0,metronome,60,2.6,5.76,4.96,1.0,55|99,32|74,4|5,2|3,23.11|7.87,32nd|eighth,0|0,0|0,5|1,15|0,3|3,12|12,15|2,6|105,5|1,64|372,0|0,0.445,0,0.456,5.144,1,"{'sustain': 0.1842, 'sostenuto': 0.0}",0.1937|0.0126,0,0,2.0|4.0
./mxl/1/38/QmbqtVefsYhcUMf4pSjdRxPWtCTcEiXhQhuJxs2jUyJ9Du.mxl,True,8,,,"Beethoven, Ludwig van","Sonata in F Minor, op. 2, no. 1: 3rd and 4th movements",,"1 pitched part(s), staves 2",True,77,77,219.0,confirmed,3/4,simple,0,-4,1,6,sound tempo,189,4.46,9.08,7.35,1.0,56|85,31|74,2|2,2|3,8.9|8.08,16th|eighth,0|0,0|0,4|0,6|0,2|5,12|24,3|5,1|2,5|2,33|48,10|7,0.548,2,0.331,4.95,0,"{'sustain': 0.0, 'sostenuto': 0.0}",0.0|0.0,0,4,1.333|1.333
./mxl/12/52/QmUxEb9UmpcoNvB3gAcoLJL91wPkD3EWyTd1QXnKZ2DkBb.mxl,True,8,,,Rachmaninoff S.,Moment Musical - op 16 no 5 Db major,,"1 pitched part(s), staves 2",True,53,53,210.0,none,4/4 2/4 4/4,simple,2,-5,0,3,metronome,54,2.77,4.77,3.04,1.0,49|83,25|57,2|0,3|5,9.38|6.41,eighth|eighth,4|0,0|0,57|206,0|0,5|4,15|12,0|1,0|6,3|1,6|594,31|2,0.321,0,0.738,4.157,0,"{'sustain': 1.0, 'sostenuto': 0.0}",0.0|0.0,0,0,2.75|3.0
./mxl/15/16/QmXDXrpGtS2Qqd3THCYxcjaBrU53rHRfMMXLSLtN9wVhU1.mxl,True,8,,,Scarlatti D.,Sonata in B minor K 27 (L 449),,"1 pitched part(s), staves 2",True,69,69,207.0,none,3/4,simple,0,2,0,4,metronome,100,6.06,8.0,6.67,1.0,57|83,34|73,1|2,2|3,5.83|5.54,16th|16th,5|0,0|0,0|0,0|0,2|2,17|12,4|3,20|30,7|21,218|77,44|26,0.226,1,0.371,4.632,0,"{'sustain': 0.0, 'sostenuto': 0.0}",0.2792|0.2185,0,2,4.0|1.333
./mxl/17/26/QmZjvcr2jKehXfKzwznakmHNVAdwN2zX86NGYD7DHw4Qgz.mxl,True,8,,,Chopin F.,Nocturne in E minor Op 72 No 1,,"1 pitched part(s), staves 2",True,57,57,228.008,none,4/4,simple,0,1,2,1,metronome,UNKNOWN,3.01,4.37,4.56,0.996,40|95,30|67,4|3,1|4,23.8|13.14,64th|eighth,7|0,1|0,29|221,5|0,4|2,12|8,24|0,6|43,6|1,14|634,30|1,0.232,0,0.311,5.094,1,"{'sustain': 0.9825, 'sostenuto': 0.0}",0.0|0.0,0,0,1.75|3.0
./mxl/4/25/QmeiQHfME19zDJRRtzk4cWwxtqY4wWMug36kMbrb97gu3S.mxl,True,8,,,"Brahms, Johannes","Ballade in D Minor, op. 10, no. 1",,"1 pitched part(s), staves 2",True,73,72,284.0,confirmed,4/4,simple,0,-1,2,15,metronome,UNKNOWN,2.66,9.07,4.9,0.831,33|94,24|66,3|2,3|5,11.14|9.87,eighth|eighth,10|8,0|0,33|62,25|11,4|5,12|36,28|162,16|52,9|15,10|12,18|34,0.513,0,0.324,5.711,4,"{'sustain': 0.3288, 'sostenuto': 0.0}",0.0|0.0,0,0,3.0|2.5
./mxl/9/17/QmReAFwCejeyHAoBsegKGqiJQDXNkpP2qdvtsXqf6ot1Lz.mxl,True,8,,,"Beethoven, Ludwig van","Sonata in C Minor, op. 10, no. 1: 2nd and 3rd movements",,"1 pitched part(s), staves 2",True,520,520,1568.506,none,3/4 2/4 2/2,simple,2,-3,2,73,metronome,UNKNOWN,3.12,5.6,11.38,0.999,36|90,27|80,4|3,3|4,14.7|12.76,128th|32nd,18|1,53|2,92|81,66|14,5|6,12|19,99|91,42|27,16|5,64|192,119|75,0.341,14,0.41,5.322,0,"{'sustain': 0.0615, 'sostenuto': 0.0}",0.0|0.0,0,2,1.75|1.5
content/scores/imported/asap-dataset/Bach/Prelude/bwv_854/xml_score.musicxml,True,8,,,"Bach, Johann Sebastian","Prelude and Fugue in E Major, BWV 854",,"1 pitched part(s), staves 2",True,24,24,144.0,none,12/8,compound,0,4,0,0,none,UNKNOWN,,,,,56|83,40|66,1|2,2|1,10.89|14.93,16th|16th,0|0,0|0,0|0,0|0,2|3,8|19,0|1,2|5,2|1,22|18,5|21,0.373,0,0.464,4.873,0,"{'sustain': 0.0, 'sostenuto': 0.0}",0.0|0.0,0,0,1.667|1.5
content/scores/imported/asap-dataset/Bach/Prelude/bwv_856/xml_score.musicxml,True,8,,,"Bach, Johann Sebastian","Prelude and Fugue in F Major, BWV 856",,"1 pitched part(s), staves 2",True,18,18,108.0,none,12/8,compound,0,-1,0,0,none,UNKNOWN,,,,,55|84,36|63,2|2,2|2,8.98|9.88,16th|32nd,0|0,0|0,0|0,0|0,2|1,6|0,0|0,0|2,2|2,71|36,2|1,0.322,0,0.198,5.017,0,"{'sustain': 0.0, 'sostenuto': 0.0}",0.0|0.0,0,0,3.0|2.167
content/scores/imported/asap-dataset/Bach/Prelude/bwv_862/xml_score.musicxml,True,8,,,"Bach, Johann Sebastian","Prelude and Fugue in A flat Major, BWV 862",,"1 pitched part(s), staves 2",True,44,44,132.0,none,3/4,simple,0,-4,0,0,none,UNKNOWN,,,,,58|82,39|68,1|3,1|1,4.23|2.87,16th|16th,1|0,1|0,0|0,0|0,4|3,15|8,0|0,1|2,2|1,87|79,17|0,0.47,0,0.608,4.482,0,"{'sustain': 0.0, 'sostenuto': 0.0}",0.0|0.0,0,0,2.333|2.333
content/scores/imported/asap-dataset/Bach/Prelude/bwv_870/xml_score.musicxml,True,8,,,"Bach, Johann Sebastian","Prelude and Fugue in C Major, BWV 870",,"1 pitched part(s), staves 2",True,34,34,136.0,none,4/4,simple,0,0,0,0,none,UNKNOWN,,,,,54|84,36|67,2|3,3|2,13.72|11.95,32nd|32nd,5|2,29|12,0|0,0|0,4|3,12|12,0|7,0|0,3|2,14|9,31|28,0.423,0,0.143,5.007,0,"{'sustain': 0.0, 'sostenuto': 0.0}",0.0|0.0,0,0,4.5|3.375
content/scores/imported/asap-dataset/Bach/Prelude/bwv_875/xml_score.musicxml,True,8,,,"Bach, Johann Sebastian","Prelude and Fugue in D Minor, BWV 875",,"1 pitched part(s), staves 2",True,61,61,183.0,none,3/4,simple,0,-1,0,2,none,UNKNOWN,,,,,55|83,37|71,1|2,2|2,11.36|8.63,32nd|16th,0|0,0|0,0|0,0|0,2|4,19|15,2|0,8|4,2|3,60|63,8|7,0.414,2,0.183,4.802,0,"{'sustain': 0.0, 'sostenuto': 0.0}",0.0|0.0,0,0,3.667|2.333
./mxl/11/9/QmTa7YTepiTQEhLAhtQAVJjTCEVxC2rQVQ9Sd33k8NZK1p.mxl,True,B,,,Misc tunes,Yankee Doodle,,"1 pitched part(s), staves 2",True,16,16,64.0,none,4/4,simple,0,1,0,0,none,UNKNOWN,,,,,59|72,47|60,0|1,1|0,0.0|0.0,eighth|quarter,3|0,0|0,0|0,0|0,1|2,0|5,0|0,0|0,2|2,12|15,0|0,0.527,0,0.096,3.527,0,"{'sustain': 0.0, 'sostenuto': 0.0}",0.3455|0.5517,0,0,1.0|0.625
./mxl/13/25/QmViUNieMPGGYJuPCjQj5AnP8a6uUUveHbEbkbXusEaeBm.mxl,True,B,,,PC Chin,Hallelujah (easy),,"1 pitched part(s), staves 2",True,29,29,87.0,none,6/8,compound,0,0,0,0,metronome,70,1.34,1.88,2.24,1.0,60|76,53|64,0|2,1|0,0.0|2.17,eighth|quarter,0|0,0|0,0|0,0|0,2|2,5|7,0|0,0|0,5|2,5|14,0|0,0.21,0,0.007,3.399,0,"{'sustain': 0.0, 'sostenuto': 0.0}",0.0|0.0,0,0,1.333|0.333
./mxl/14/23/QmWhyQKnEU8xgcB4Tpaa12xZ5AiFmL4xeyoCtwt876ciiX.mxl,True,B,,,Prof Bell / Traditional,Row Row Row Your Boat,,"1 pitched part(s), staves 2",True,8,8,24.0,none,6/8,compound,0,0,0,0,none,UNKNOWN,,,,,67|79,53|62,0|1,0|0,0.0|0.0,eighth|half,0|0,0|0,0|0,0|0,1|3,0|9,0|0,0|0,3|4,12|4,0|0,0.222,0,0.0,3.244,0,"{'sustain': 0.0, 'sostenuto': 0.0}",0.0|0.0,0,0,1.167|1.0
./mxl/15/41/QmXR2bxfj7zhSi9mUHEa2SA63ktfM4kixXs2XjUHtixqwh.mxl,True,B,,,UnKnown,Lightly Row,,"1 pitched part(s), staves 2",True,16,16,64.0,none,2/2,simple,0,0,0,0,metronome,120,1.97,3.75,2.0,1.0,72|79,47|55,0|0,0|0,0.0|0.0,quarter|quarter,0|0,0|0,0|0,0|0,1|1,0|0,0|0,0|0,5|1,14|62,0|0,0.905,0,0.0,3.001,0,"{'sustain': 0.0, 'sostenuto': 0.0}",0.0|0.0,0,0,1.0|1.0
./mxl/16/53/QmYXGJHJVBzWH49y5pr4LRhNv1XyoGQV1GHMmrKmADwKfr.mxl,True,B,,,attr. L. Mozart,Minuet in F Major,,"1 pitched part(s), staves 2",True,32,32,96.0,none,3/4,simple,0,-1,0,0,none,UNKNOWN,,,,,65|79,36|62,0|1,0|2,0.0|0.0,eighth|quarter,0|0,0|0,0|0,0|0,2|2,3|14,0|7,0|0,3|4,6|7,0|0,0.519,0,0.074,3.844,0,"{'sustain': 0.0, 'sostenuto': 0.0}",0.0|0.0,0,2,0.167|0.334
./mxl/17/54/QmZyzujpizy8vQaR7acjN5TB6FDJsWsVd4hLDwYjV2TF9P.mxl,True,B,,,Michael Praetorius,Old German Dance,,"1 pitched part(s), staves 2",True,16,16,64.0,none,4/4,simple,0,0,0,0,sound tempo,112,2.16,3.15,2.68,1.0,60|67,48|55,0|0,1|0,0.0|0.0,eighth|eighth,0|0,0|0,0|0,0|0,1|1,0|0,0|0,0|0,3|3,12|16,0|0,0.459,0,0.0,3.228,0,"{'sustain': 0.0, 'sostenuto': 0.0}",0.0|0.0,0,0,1.0|0.5
./mxl/2/56/QmcziG7TmxfmZADkf3EZ2UQ5A6o23ngn1tTFU5aKxamAcQ.mxl,True,B,,,Beethoven (trad. arr.),Ode to Joy,,"1 pitched part(s), staves 2",True,16,16,64.0,none,4/4,simple,0,0,0,0,none,UNKNOWN,,,,,60|67,48|55,0|0,1|0,0.0|0.0,eighth|eighth,3|0,0|0,0|0,0|0,1|3,0|7,0|0,0|0,2|1,12|7,0|0,0.23,1,0.0,3.11,0,"{'sustain': 0.0, 'sostenuto': 0.0}",0.0|0.0,0,0,1.0|0.75
./mxl/5/41/QmfRYEUhXHSj9a8yk5s4b5ErUsrQ3QkNNxgcJhfU65VjfE.mxl,True,B,,,James Hook,Minuet,,"1 pitched part(s), staves 2",True,16,16,48.0,none,3/4,simple,0,0,0,0,none,UNKNOWN,,,,,72|79,53|60,0|1,0|0,0.0|0.0,eighth|eighth,0|0,0|0,0|0,0|0,1|1,0|0,0|0,0|0,1|2,18|7,0|0,0.392,0,0.0,3.119,0,"{'sustain': 0.0, 'sostenuto': 0.0}",0.0|0.0,0,2,1.5|0.667
./mxl/6/21/QmNgyL9ZcLdpvKhcPFMh6N57ipjbVwjutxpxGWpfegvVmT.mxl,True,B,,,Cornelius Gurlitt,aus der Sammlung Op.82.,,"1 pitched part(s), staves 2",True,32,32,96.0,none,3/4,simple,0,-1,0,0,metronome,175,2.86,4.01,2.92,1.0,64|72,46|60,0|1,0|0,0.0|5.26,quarter|quarter,0|0,0|0,0|0,0|0,1|2,0|4,0|0,0|0,1|1,4|93,0|0,0.394,0,0.159,3.785,0,"{'sustain': 1.0, 'sostenuto': 0.0}",0.0|0.0,0,0,0.333|1.0
./mxl/7/20/QmPF6A3wPLm5irBgVWgQCshAoZRDUN1f4rNfYZ4VLaDKmt.mxl,True,B,,,Misc Traditional,Mary Had A Little Lamb TWO HANDS,,"1 pitched part(s), staves 2",True,8,8,32.0,none,4/4,simple,0,0,0,0,metronome,80,1.08,1.71,1.25,1.0,60|67,43|48,0|0,1|0,0.0|0.0,quarter|half,0|0,0|0,0|0,0|0,1|1,0|0,0|0,0|0,4|2,12|14,0|0,0.577,0,0.0,2.548,0,"{'sustain': 0.0, 'sostenuto': 0.0}",0.0|0.0,0,0,0.875|0.5
./mxl/8/33/QmQnTd8DBifKHHb1am9f2p9ggWLTDeJeuFyafvmFdKY2ew.mxl,True,B,,,John Newton (trad. arr.),Amazing Grace,,"1 pitched part(s), staves 2",True,17,17,48.0,confirmed,3/4,simple,0,-1,0,0,metronome,90,2.0,2.47,2.25,1.0,60|72,41|62,0|1,1|0,0.0|0.0,eighth|eighth,0|0,0|0,0|0,0|0,1|1,0|0,0|0,0|0,2|1,2|2,0|0,0.234,0,0.114,3.665,0,"{'sustain': 0.9412, 'sostenuto': 0.0}",0.0|0.0,0,0,0.667|1.0
./mxl/0/13/QmacHkEMLbKiN7YagLdNjR2WPRvZAZW6ahjHjtPgvRNCdn.mxl,False,,PSyllabus:ABRSM=4(ps4); PSyllabus:AMEB=3(ps4); PSyllabus:RCM=6(ps4); PSyllabus:RIAM=6(ps4); PSyllabus:SCSM=4(ps4); PSyllabus:Trinity=4(ps4),exam-lists,Bach J.S.,Little Prelude in C minor BWV 999,,"2 pitched part(s), staves 1+1",True,43,43,129.0,none,3/4,simple,0,-3,0,0,metronome,100,6.52,6.56,6.67,1.0,48|72,38|57,0|0,4|1,11.49|18.4,16th|eighth,0|0,0|0,0|0,0|0,3|1,8|0,0|0,0|2,1|1,11|2,0|0,0.002,0,0.27,4.168,0,"{'sustain': 0.0, 'sostenuto': 0.0}",0.0|0.0,0,0,3.0|1.0
./mxl/0/17/Qmaej71cef7XHxx5PtNX1rk3onqMdRojphJhurMPbmE41Z.mxl,False,,PSyllabus:AGME=7(ps10); PSyllabus:Piano St=9(ps10); PSyllabus:RCM=11(ps10),exam-lists,Chopin F.,Prelude in G minor Op 28 No 22 (Impatience),,"1 pitched part(s), staves 2",True,42,42,124.5,confirmed,6/8,compound,0,-2,0,0,none,UNKNOWN,,,,,57|91,25|67,4|3,2|5,19.94|16.37,eighth|16th,0|0,0|0,0|0,0|1,4|5,12|22,2|164,19|23,3|5,76|37,36|13,0.309,0,0.425,5.269,0,"{'sustain': 0.5, 'sostenuto': 0.0}",0.0169|0.0,0,0,2.667|3.333
./mxl/0/19/QmafakcXebeu6x8zwL5bLNJVJ3jhyh6hjbUUA68Ukju1Mt.mxl,False,,Easy,8notes,,Sussex Carol,,"2 pitched part(s), staves 1+1",True,15,15,87.0,confirmed,6/4 9/4 6/4,UNKNOWN compound,2,-1,0,0,none,UNKNOWN,,,,,60|74,43|60,0|1,1|0,0.0|0.0,eighth|eighth,0|0,0|0,0|0,0|0,3|2,12|12,2|6,0|0,3|2,7|4,11|7,0.729,0,0.113,3.975,0,"{'sustain': 0.0, 'sostenuto': 0.0}",0.0|0.0,0,0,1.333|0.833
./mxl/0/2/Qma3izFKJZDpy3fdCgqwuU7DobXwpmciEMKHDDCyGo8FYS.mxl,False,,Intermediate,8notes,Louis Gottschalk,Tournament Galop,,"1 pitched part(s), staves 2",True,219,219,438.0,none,2/4,simple,0,-3,2,16,metronome,150,6.58,19.22,10.33,1.0,41|105,27|87,4|4,6|4,14.08|10.45,16th|16th,0|0,0|0,52|0,0|0,4|4,12|12,259|140,20|31,22|8,69|61,35|0,0.646,14,0.573,5.241,19,"{'sustain': 0.0137, 'sostenuto': 0.0}",0.0|0.0,0,0,4.0|3.5
./mxl/0/22/QmaG4vR4XJuZCdBvYvUpCxaPW2kLmKuqbMXehuVCPcXcsX.mxl,False,,chapter 12,pianofordummies-candidates,Beethoven,Fur Elise,,"1 pitched part(s), staves 2",True,25,25,36.0,confirmed,3/8,simple,0,0,0,0,metronome,40,2.56,2.93,2.67,1.0,60|88,40|64,3|2,1|1,14.29|7.55,16th|16th,0|0,3|0,0|0,0|0,2|2,9|7,0|0,1|7,2|1,21|3,0|0,0.13,0,0.114,3.911,0,"{'sustain': 0.64, 'sostenuto': 0.0}",0.0|0.0,0,2,2.667|2.0
./mxl/0/26/QmajKn3QRxvyFoz2BQmTiYzCW7GvKzQsDrjpbEzZuanrhg.mxl,False,,Intermediate,8notes,Handel,Lascia ch'io pianga from Rinaldo,,"2 pitched part(s), staves 1+2",False,42,42,126.0,none,3/4,simple,0,2,0,0,sound tempo,60,1.27,4.06,1.67,1.0,62|76,56|76,0|0,0|2,8.04|4.85,16th|16th,6|7,0|0,2|0,0|0,1|3,0|12,0|3,0|0,2|2,6|6,0|10,,,0.318,4.326,0,"{'sustain': 0.0, 'sostenuto': 0.0}",0.0|0.0,0,0,1.0|2.0
./mxl/0/26/QmajS54M42icZ8tpMCSpgtRQkq4bLaBFM6WRsWzZXfrQtA.mxl,False,,Intermediate,8notes,Bach,Partita II 1 Sinfonia BWV 826,,"1 pitched part(s), staves 2",True,112,112,168.0,none,3/8,simple,0,-3,0,9,sound tempo,114,6.39,8.83,8.87,1.0,60|84,36|72,2|2,1|8,10.64|8.66,32nd|16th,0|0,1|8,5|0,1|0,1|4,0|24,0|0,6|6,1|2,49|23,6|9,0.361,0,0.328,4.806,0,"{'sustain': 0.0, 'sostenuto': 0.0}",0.0|0.0,0,0,2.0|2.0
./mxl/0/26/QmajoqasFqLVpcBBrPNzbLLyfzNqbZD7A4k8uMa3WX1FhA.mxl,False,,Easy,8notes,Knapp,Blessed Assurance,,"1 pitched part(s), staves 2",True,18,18,72.0,confirmed,9/8,compound,0,-2,0,0,none,UNKNOWN,,,,,53|72,39|60,0|1,3|1,1.92|0.0,16th|16th,0|0,0|0,0|0,0|0,2|2,9|16,0|19,0|0,4|6,4|4,0|0,1.0,0,0.442,3.786,0,"{'sustain': 0.0, 'sostenuto': 0.0}",0.0|0.0,0,0,2.222|2.222
./mxl/0/29/QmaKaMJzkFmZ1eSZcNJEFc3sBXqG8jEga7Q7Hq56dsADNx.mxl,False,,level Lesson Book 1,beginner-methods,,HAVE YOURSELF A MERRY LITTLE CHRISTMAS.,,"1 pitched part(s), staves 2",True,40,40,192.0,none,4/4 12/8 4/4,compound simple,2,0,0,0,metronome,72,2.08,5.82,3.67,1.0,57|89,31|71,3|4,2|3,11.43|11.95,16th|eighth,3|0,0|0,13|5,0|0,8|4,31|16,0|58,4|80,5|1,16|63,6|0,0.417,0,0.133,5.314,0,"{'sustain': 0.0, 'sostenuto': 0.0}",0.0|0.0,0,0,2.0|2.5
./mxl/0/30/QmaLVzjqDHcFnwFupNyDw4SL2Nb62LowJiJVs7WAsmgVYv.mxl,False,,PSyllabus:AMEB=7(ps7),exam-lists,Turpin T.,The St Louis rag,,"2 pitched part(s), staves 1+1",True,133,133,266.0,none,2/4,simple,0,0,0,0,metronome,96,5.4,13.27,6.4,1.0,55|91,29|67,4|3,2|4,12.23|12.99,32nd|32nd,0|0,0|0,2|0,0|0,4|3,12|12,54|130,32|41,4|3,31|61,8|4,0.478,0,0.139,5.125,0,"{'sustain': 0.0, 'sostenuto': 0.0}",0.0|0.0,0,0,5.0|4.0
./mxl/0/32/QmaMpgrTyNA91orJSn7i1ia4ehryvNfmEj2tpkVZWHZyYS.mxl,False,,lesson_book_1_pages p. 83,faber-accelerated-1-pieces,,Prince of Denmark's March,,"2 pitched part(s), staves 1+1",False,40,40,80.0,none,2/4,simple,0,2,0,0,metronome,90,3.15,5.53,3.94,1.0,62|83,62|76,1|0,0|0,1.19|0.0,16th|16th,0|2,12|10,0|0,0|0,1|1,0|0,0|0,1|0,5|6,10|7,0|0,,,0.227,2.908,0,"{'sustain': 0.0, 'sostenuto': 0.0}",0.0|0.0,0,3,2.0|2.0
./mxl/0/35/QmaoBQBMEzuL3sLiES14SR6LMiVcMxA41ytaiWW1kDTzZ1.mxl,False,,PSyllabus:NZMEB=3(ps4); PSyllabus:Piano St=5(ps4); PSyllabus:SCSM=3(ps4),exam-lists,Scarlatti D.,Sonata in G major K 431 L 83,,"1 pitched part(s), staves 2",True,16,16,48.0,none,3/4,simple,0,1,0,1,metronome,140,6.47,9.09,6.61,1.0,55|86,31|71,2|1,2|3,2.27|1.82,eighth|eighth,0|0,0|0,41|1,0|0,4|3,0|8,0|1,1|1,1|2,57|7,0|1,0.241,0,0.123,4.535,0,"{'sustain': 0.0, 'sostenuto': 0.0}",0.3411|0.1944,0,2,3.0|1.0
./mxl/0/40/QmarBgiCsy7fz2VooAx3sZwzNSqnqYzg52D1BRVazz6bYX.mxl,False,,ANZCA Modern=1; ANZCA Modern=8,exam-lists,,Beauty and the Beast,,"1 pitched part(s), staves 2",True,24,24,96.0,none,4/4,simple,0,0,0,0,metronome,60,1.26,1.75,1.38,1.0,64|79,53|60,0|1,0|0,0.0|0.0,eighth|quarter,0|0,0|0,0|0,0|0,1|1,0|0,0|0,0|0,2|18,4|76,0|0,0.388,0,0.0,3.212,0,"{'sustain': 0.0, 'sostenuto': 0.0}",0.0|0.0,0,0,1.0|1.0
./mxl/0/41/QmaRXYTm6evibs9z12kxir9gD1raU6MKuDLdDU89RuujRK.mxl,False,,Intermediate,8notes,Caldara,Sebben Crudele,,"2 pitched part(s), staves 1+2",False,83,83,249.0,none,3/4,simple,0,-3,0,0,metronome,UNKNOWN,2.88,6.27,3.03,0.847,60|74,51|74,0|0,1|3,14.87|10.4,16th|eighth,7|8,1|0,0|0,10|0,1|3,0|12,0|5,0|29,2|3,7|108,0|53,,,0.403,4.294,0,"{'sustain': 0.0, 'sostenuto': 0.0}",0.0|0.0,0,0,1.0|3.0
./mxl/0/41/QmaRsE5c9hRzcbbzPKArb2pXW1FXR7qPG4VzF1iTQpteEn.mxl,False,,PSyllabus:AMEB=11(ps10); PSyllabus:NZMEB=10(ps10); PSyllabus:Piano St=9(ps10); PSyllabus:RCM=12(ps10),exam-lists,Chopin F.,Etude in C minor Op 25 No 12,,"1 pitched part(s), staves 2",True,83,83,332.0,none,2/2,simple,0,-3,0,0,none,UNKNOWN,,,,,48|80,24|65,1|2,4|5,15.65|11.29,quarter|quarter,0|0,0|0,0|0,0|1,4|3,14|17,0|1,0|1,8|8,12|14,0|0,0.992,0,0.247,4.756,0,"{'sustain': 0.0, 'sostenuto': 0.0}",0.0|0.0,0,0,0.75|0.75
./mxl/0/44/QmatNEo3Bqbyy5mghPTJeoUc1KsYn6UoqN14N8WadpQ17c.mxl,False,,PSyllabus:RCM=4(ps3),exam-lists,Andre J.,Sonatina in C major Op 34  No 1 - mvt 3 Rondo,,"1 pitched part(s), staves 2",True,62,62,166.0,none,2/2 2/4,simple,1,0,0,3,sound tempo,114,3.65,6.58,7.01,1.0,59|79,31|74,0|3,1|6,2.72|3.6,16th|16th,1|0,0|0,0|0,0|0,3|2,9|6,0|0,3|1,2|2,16|46,1|0,0.621,0,0.032,4.339,0,"{'sustain': 0.0, 'sostenuto': 0.0}",0.0|0.0,0,4,2.0|2.0
./mxl/0/48/QmavUdj7PrGU19iDsZxPcUsmHWUfELrYVAcifUueqAKoCM.mxl,False,,Intermediate,8notes,Domenico Scarlatti,"Keyboard Sonata in G minor, K.4",,"1 pitched part(s), staves 2",True,41,41,156.5,confirmed,4/4,simple,0,-2,0,0,sound tempo,100,6.54,10.05,6.67,1.0,58|84,38|64,2|2,1|1,15.57|9.9,16th|16th,2|0,16|3,0|0,0|0,4|2,20|16,4|1,22|20,3|3,52|53,32|7,0.282,0,0.247,4.86,0,"{'sustain': 0.0, 'sostenuto': 0.0}",0.0|0.0,0,2,4.5|1.5
./mxl/0/48/Qmavfs15JxCqRndc5j8qHWg3mSqHdiC9i5H1TzMoiyKpnK.mxl,False,,level Level 2,beginner-methods,,Cockles and Mussels,,"2 pitched part(s), staves 2+2",False,18,18,52.0,confirmed,3/4,simple,0,0,0,0,none,UNKNOWN,,,,,60|67,47|60,0|1,1|0,0.0|0.0,eighth|quarter,6|0,0|0,0|0,0|0,1|3,0|8,0|0,0|0,4|2,7|3,0|0,,,0.0,3.454,0,"{'sustain': 0.0, 'sostenuto': 0.0}",0.0|0.0,0,0,1.0|1.0
./mxl/0/48/QmavsLDZgT7TEKkRLXknVMVcFfw9nZWnxWJN5JbnXQZc6f.mxl,False,,Advanced,8notes,Pixis,"Piano Sonata, Op.10",,"1 pitched part(s), staves 2",True,285,285,855.0,none,3/4,simple,0,-3,5,59,metronome,UNKNOWN,3.66,7.64,8.0,0.804,34|101,29|89,5|4,3|4,19.57|17.63,16th|16th,8|8,86|62,93|62,10|0,4|5,12|27,67|155,86|87,4|7,214|220,51|80,0.584,2,0.351,5.659,8,"{'sustain': 0.0561, 'sostenuto': 0.0}",0.0|0.0,0,0,3.333|3.0
./mxl/0/48/Qmavwniavih7ELK7Z2pDwpCXoiKPhieynVrY8muxBtuf64.mxl,False,,Easy,8notes,,We Wish You a Merry Christmas,,"1 pitched part(s), staves 2",True,59,59,175.0,confirmed,3/4,simple,0,-2,0,0,metronome,160,4.3,9.36,6.1,1.0,57|106,34|72,8|4,2|2,1.4|2.06,32nd|eighth,0|0,0|0,0|0,0|0,4|3,12|12,6|1,1|16,3|3,18|6,0|0,0.349,0,0.325,4.791,0,"{'sustain': 0.9831, 'sostenuto': 0.0}",0.0|0.0,0,0,2.333|1.0
./mxl/0/50/QmawJ7uHzgwB6RUqi63x81eeuUeGvwppDdRDxJSmVEhW1F.mxl,False,,PSyllabus:ABRSM=8(ps9); PSyllabus:ANZCA=8(ps9); PSyllabus:GCSE=8(ps9); PSyllabus:Piano St=9(ps9); PSyllabus:SCSM=8(ps9),exam-lists,Debussy C.,Valse romantique L 71,,"1 pitched part(s), staves 2",True,151,151,453.0,none,3/4,simple,0,-4,1,43,sound tempo,110,3.39,6.6,6.26,1.0,50|103,25|88,4|4,2|5,8.34|13.95,eighth|eighth,4|3,0|0,74|42,0|1,4|4,12|12,22|37,40|63,3|4,90|54,49|54,0.308,8,0.399,5.327,6,"{'sustain': 0.9669, 'sostenuto': 0.0}",0.0|0.0,0,0,2.0|1.667
./mxl/0/50/QmawJtKKyBddS58FH65LopHpdcDvruq35FLh5J7i5MV2Wt.mxl,False,,Advanced,8notes,Scott Joplin,Harmony Club Waltz,,"1 pitched part(s), staves 2",True,162,162,494.0,none,4/4 3/4,simple,1,-2,3,0,sound tempo,108,3.19,9.85,4.83,1.0,62|96,33|66,4|3,0|3,5.81|4.8,eighth|eighth,21|0,0|0,0|0,19|2,4|4,12|12,38|63,2|35,7|3,42|146,1|0,0.5,0,0.269,5.008,1,"{'sustain': 0.0, 'sostenuto': 0.0}",0.0|0.0,0,7,1.667|2.333
./mxl/0/51/QmaWUmXP6sdMEyaCacAQZZQUVykcAn7cCqVqueAbwz9NsB.mxl,False,,PSyllabus:Piano St=9(ps10),exam-lists,Bach J.S.,Toccata and Fugue for Organ (BWV 565) in D minor arr. Busoni,,"1 pitched part(s), staves 2",True,143,143,572.0,none,4/4,simple,0,-1,0,22,metronome,22,5.19,8.47,10.8,1.0,40|84,24|70,2|3,2|5,10.08|11.88,64th|64th,1|2,3|2,78|78,0|0,6|6,20|35,15|190,17|60,4|16,164|151,62|52,0.307,8,0.205,5.027,1,"{'sustain': 0.0, 'sostenuto': 0.0}",0.0|0.0,0,0,4.0|3.0
./mxl/0/9/QmaaP5iEA7EKyMpD2padbK96VYihBpWPYmQk4ohCW2JTm5.mxl,False,,chapter 12,pianofordummies-candidates,Beethoven,Fur Elise,,"2 pitched part(s), staves 1+1",True,106,106,158.0,confirmed,3/8,simple,0,0,0,10,metronome,65,4.53,6.17,8.67,1.0,57|100,33|76,3|2,2|3,14.76|7.24,32nd|16th,0|0,12|0,15|0,3|0,4|3,9|12,0|2,4|24,4|30,61|96,0|0,0.198,5,0.134,4.702,1,"{'sustain': 0.434, 'sostenuto': 0.0}",0.0|0.0,0,2,2.667|2.0
./mxl/0/9/QmaaSoCEo4BaH323RKr9AUsKRon8axis5849SGNamampGS.mxl,False,,RSL Keys=7,exam-lists,John Williams,Theme From Schindler's List,,"2 pitched part(s), staves 1+1",True,27,27,108.0,none,4/4,simple,0,-2,0,1,metronome,60,1.79,4.12,2.44,1.0,55|91,36|79,4|2,2|2,7.02|3.9,16th|16th,2|1,2|0,0|0,0|0,4|4,14|16,9|1,2|12,2|4,24|11,6|15,0.44,0,0.321,4.492,0,"{'sustain': 0.0, 'sostenuto': 0.0}",0.0|0.0,0,0,2.25|1.75
./mxl/1/10/QmbAYiTUovJRsnoouG6MqVAye1bTzSxRWkoirdscKA7UJE.mxl,False,,Advanced,8notes,Beethoven,"Piano Sonata No.14 in C# minor, Op.27/2 (Moonlight)",,"2 pitched part(s), staves 1+1",True,68,68,272.0,none,4/4,simple,0,4,0,2,metronome,65,3.27,4.62,3.52,1.0,48|80,41|87,0|4,5|3,7.02|12.97,16th|16th,0|0,10|6,242|26,0|0,2|3,14|12,77|81,1|2,6|19,312|69,50|9,0.139,0,0.584,4.494,0,"{'sustain': 0.0147, 'sostenuto': 0.0}",0.0|0.0,0,0,3.5|1.0
./mxl/1/12/QmbBTmMd4ErdB5bowgQ2sFvj58KXP1n1ckhKWAHHwa9Ypq.mxl,False,,RCM=8,exam-lists,"Wiggins, Thomas",Water in the Moonlight,,"1 pitched part(s), staves 2",True,17,17,48.0,confirmed,3/4,simple,0,-2,0,0,none,UNKNOWN,,,,,53|77,24|68,0|3,3|5,12.2|15.93,16th|16th,0|0,0|0,7|8,0|0,4|3,12|12,0|18,1|27,3|2,4|12,12|0,0.404,0,0.356,4.623,0,"{'sustain': 0.0, 'sostenuto': 0.0}",0.0|0.0,0,0,2.667|2.0
./mxl/1/16/QmbDbAfxTnqNEhXfq245iVvujJYrCkNTsnYBx8eQ7jnBRE.mxl,False,,PSyllabus:SCSM=7(ps8),exam-lists,Scarlatti D.,Sonata in F Major K6 L479,,"1 pitched part(s), staves 2",True,75,75,112.5,none,3/8,simple,0,-1,0,0,sound tempo,100,7.33,12.61,10.0,1.0,60|84,35|64,2|2,1|2,8.71|7.69,32nd|16th,0|0,2|1,111|20,0|0,4|3,22|19,9|3,15|7,6|7,66|25,49|8,0.19,0,0.166,4.874,0,"{'sustain': 0.0, 'sostenuto': 0.0}",0.0|0.0,0,2,6.0|1.333
./mxl/1/17/QmbeTPuLm3FqX4JNzC8Wc78rKLb2iFU7g8AKgtWFPkSCAZ.mxl,False,,Advanced,8notes,Scott Joplin,The Easy Winners (A Rag Time Two Step),,"1 pitched part(s), staves 2",True,94,94,188.0,none,2/4,simple,0,1,1,0,sound tempo,72,3.97,9.86,4.8,1.0,54|84,31|66,2|2,3|3,9.07|6.13,16th|16th,0|0,8|0,0|0,0|0,4|4,16|12,24|177,2|34,3|3,38|51,19|1,0.392,0,0.125,4.993,0,"{'sustain': 0.0, 'sostenuto': 0.0}",0.0255|0.0191,0,4,4.5|4.0
./mxl/1/17/QmbeUDXEYwzWzcPvvsppmpyUkMWKeGp4HHHx1xfsrhL7UZ.mxl,False,,PSyllabus:ABRSM=4(ps4),exam-lists,Schubert F.,Minuet and Trio D 41 No 21,,"1 pitched part(s), staves 2",True,36,33,96.0,confirmed,3/4,simple,0,-2,0,0,none,UNKNOWN,,,,,65|86,39|67,2|3,0|1,1.3|0.0,16th|16th,0|0,23|4,0|0,4|0,3|3,12|12,3|5,0|1,3|5,6|48,3|8,0.484,0,0.303,4.245,0,"{'sustain': 0.0, 'sostenuto': 0.0}",0.0|0.0,0,4,1.333|1.5
./mxl/1/2/Qmb3gznnMduJeN7hzR9sAbqNva61AUuraFE9C3cuwYp2xZ.mxl,False,,Intermediate,8notes,,I Saw Three Ships,,"2 pitched part(s), staves 1+1",True,7,7,18.0,confirmed,3/4,simple,0,1,0,0,none,UNKNOWN,,,,,62|74,43|57,0|0,0|0,0.0|0.0,16th|16th,0|0,14|14,0|0,0|0,1|1,0|0,0|0,0|0,3|4,2|2,0|0,1.0,0,0.016,3.152,0,"{'sustain': 0.0, 'sostenuto': 0.0}",0.0|0.0,0,0,2.0|2.0
./mxl/1/20/QmbFt6yc1EUxZvqTVUg7xQY531BbkUcxn8uL3VYrB2uwjB.mxl,False,,Advanced,8notes,Bach,"The Well-Tempered Clavier, Book 1, BWV 846-869 (Complete)",,"1 pitched part(s), staves 2",True,35,35,140.0,none,4/4,simple,0,0,0,0,none,UNKNOWN,,,,,53|81,36|64,1|2,3|2,1.72|2.37,16th|16th,0|0,0|0,0|0,0|0,3|2,8|12,0|1,3|3,1|16,14|66,0|35,0.002,0,0.069,4.406,0,"{'sustain': 0.0, 'sostenuto': 0.0}",0.0|0.0,0,0,3.0|1.5
./mxl/1/22/QmbGkTUZDmd4LJxmNckDTj5knX5EE8sVGupvzyM4LZJqPC.mxl,False,,PSyllabus:AMEB=11(ps9),exam-lists,Bach J.S.,Fantasia and Fugue in A minor BWV 944,,"1 pitched part(s), staves 2",True,209,209,638.0,none,4/4 3/4,simple,1,0,0,2,metronome,80,8.51,11.64,10.67,1.0,55|84,36|72,2|3,2|2,10.64|10.75,32nd|32nd,6|5,9|2,0|0,0|0,3|5,19|24,9|9,36|39,3|3,76|163,112|68,0.258,11,0.156,4.995,0,"{'sustain': 0.0, 'sostenuto': 0.0}",0.0|0.0,0,0,3.667|3.0
./mxl/1/22/QmbGudm6JgoWnHfyAHN6FkUhrVe38XyMkfmzXJLyczWSWh.mxl,False,,Intermediate,8notes,,Silent Night,,"1 pitched part(s), staves 2",True,24,24,72.0,none,3/4,simple,0,0,0,0,metronome,90,1.62,2.44,1.75,1.0,60|77,41|55,0|0,1|0,0.0|0.0,eighth|quarter,8|0,0|0,0|0,0|0,1|1,0|0,0|0,0|1,2|2,3|69,0|0,0.5,0,0.0,3.807,0,"{'sustain': 0.0, 'sostenuto': 0.0}",0.0|0.0,0,0,0.667|1.0
./mxl/1/24/QmbHVHcPydUcehdVr3wqeAr7x4gBws9UEf1j3wHBBZqW7m.mxl,False,,PSyllabus:GCSE=4(ps4),exam-lists,Bacharach B.,Raindrops keep falling on my head,,"1 pitched part(s), staves 2",True,43,43,172.0,none,4/4,simple,0,-1,0,0,none,UNKNOWN,,,,,64|76,46|62,0|1,0|0,0.0|3.43,eighth|quarter,2|0,0|0,0|0,0|0,2|3,3|9,0|0,0|0,3|6,6|16,0|3,0.398,0,0.166,3.931,0,"{'sustain': 0.0, 'sostenuto': 0.0}",0.0|0.0,0,0,1.25|1.0
./mxl/1/26/QmbjNvkeAsVhrMMhK6QgTPcc8SRtJdSVqMm6u1jsvNYZ7N.mxl,False,,Intermediate,8notes,Philip P. Bliss,Wonderful Words of Life,,"2 pitched part(s), staves 1+1",True,20,20,60.0,none,6/8,compound,0,-1,0,0,none,UNKNOWN,,,,,57|74,41|60,0|1,2|0,0.0|0.0,eighth|eighth,0|0,0|0,0|0,0|0,2|2,9|12,0|11,0|0,4|23,4|4,2|7,0.932,0,0.107,3.358,0,"{'sustain': 0.0, 'sostenuto': 0.0}",0.0|0.0,0,0,2.667|2.667
./mxl/1/27/QmbJXNcUfabd1RNA4zq9VbxhLEUkgdJxTAzjZMPugdho5X.mxl,False,,PSyllabus:ABRSM=3(ps3),exam-lists,Joplin S.,The Entertainer arr. Onac,,"1 pitched part(s), staves 2",True,37,37,148.0,none,4/4,simple,0,0,0,1,metronome,80,1.91,2.32,2.42,1.0,62|88,43|64,3|1,0|0,6.76|7.41,eighth|eighth,0|0,0|0,0|0,0|0,1|1,0|0,0|0,0|0,3|2,21|18,0|0,0.217,6,0.081,4.22,0,"{'sustain': 0.0, 'sostenuto': 0.0}",0.0|0.0,0,0,1.75|0.75
./mxl/1/29/QmbK4YvxizaQkvp5hL26LkU9R9HXGMnGMiv8c6HtBYy9ZM.mxl,False,,Easy,8notes,Dorn,"Slumber Song, Guitar Album, Op. 27",,"2 pitched part(s), staves 1+1",False,32,32,96.0,none,6/8,compound,0,0,0,0,metronome,90,2.7,8.16,3.0,1.0,40|67,40|67,0|0,3|0,4.14|4.14,eighth|eighth,0|0,0|0,0|0,0|0,4|4,27|27,6|6,0|0,7|7,45|45,32|32,,,0.05,3.847,0,"{'sustain': 0.0, 'sostenuto': 0.0}",0.0586|0.0,0,0,2.667|2.667
./mxl/1/29/QmbK668qNAyakCxE6yt6SBtRjpK4DoemKykdxujS9Mf9CY.mxl,False,,ANZCA Modern=3,exam-lists,,Do You Hear the People Sing,,"1 pitched part(s), staves 2",True,20,20,80.0,none,4/4,simple,0,-1,1,0,metronome,80,2.47,5.38,3.0,1.0,48|84,36|64,2|2,3|2,2.86|0.0,16th|eighth,0|1,40|0,11|1,3|0,4|3,16|14,0|42,0|1,2|3,12|10,0|0,0.318,0,0.05,4.705,1,"{'sustain': 0.0, 'sostenuto': 0.0}",0.0|0.0,0,2,2.5|1.5
./mxl/1/31/Qmbm31yzqfv42Zrv9xeiH6nnDAe6LDisUNwb2ym5HNku3r.mxl,False,,Advanced,8notes,Schumann,"6 Concert Etudes after Paganini Caprices, Op.10",,"1 pitched part(s), staves 2",True,120,120,240.0,none,2/4,simple,0,-3,3,6,sound tempo,40,3.7,9.42,5.33,1.0,51|96,24|75,5|3,3|5,19.46|12.13,32nd|32nd,0|0,3|8,50|56,40|17,9|6,32|32,165|90,34|155,6|7,49|60,78|67,0.402,1,0.391,5.545,6,"{'sustain': 0.1417, 'sostenuto': 0.0}",0.0|0.0,0,1,6.5|6.0
./mxl/1/33/Qmbnua9rYTo1vkcT79QtF68f7to28oHcgvwtWh5Vq5MLzT.mxl,False,,Intermediate,8notes,,Just A Closer Walk With Thee,,"1 pitched part(s), staves 2",True,16,16,64.0,none,4/4,simple,0,0,0,0,none,UNKNOWN,,,,,64|76,48|55,0|0,0|0,6.25|0.0,quarter|quarter,0|0,0|0,0|0,0|0,1|1,0|0,0|0,0|0,4|1,6|26,0|0,0.413,0,0.015,3.41,0,"{'sustain': 0.0, 'sostenuto': 0.0}",0.0|0.0,16,0,0.5|0.5
./mxl/1/38/QmbqmQjEVxiyCmmdmGPBAMDYTSDsfDFxgS8HdQe7kgFm6v.mxl,False,,PSyllabus:Piano St=3(ps4),exam-lists,Lemoine H.,Piano Piece - op 37 no 6 in C major,,"1 pitched part(s), staves 2",True,40,40,60.0,none,3/8,simple,0,0,0,0,metronome,65,3.05,5.49,4.33,1.0,67|89,48|65,3|2,0|0,3.27|9.2,32nd|eighth,0|0,3|0,0|0,0|0,2|3,8|10,0|0,0|0,2|8,9|13,7|13,0.302,0,0.082,4.236,0,"{'sustain': 0.0, 'sostenuto': 0.0}",0.0861|0.0,0,2,3.0|2.667
./mxl/1/38/QmbqpSiNFv6aoPjWxU5osb2LiJPAGRm6qDL5UnagkjxkgS.mxl,False,,B.7,rung-suggestions,,Happy Birthday to You,,"1 pitched part(s), staves 2",True,16,16,48.0,none,3/4,simple,0,0,0,0,none,UNKNOWN,,,,,67|79,47|60,0|1,0|0,0.0|3.7,eighth|quarter,0|0,0|0,0|0,0|0,1|3,0|8,0|0,0|0,2|1,5|1,0|0,0.36,0,0.019,3.794,0,"{'sustain': 0.0, 'sostenuto': 0.0}",0.0|0.0,6,0,1.167|1.0
./mxl/1/39/QmbQobrJEBs4ejDtzbbveYRBYgJmczQxL4Fqp6U7SdJR2J.mxl,False,,Intermediate,8notes,,Christ Was Born on Christmas Day,,"1 pitched part(s), staves 2",True,9,9,27.0,none,6/8,compound,0,-1,0,0,metronome,120,2.59,9.63,3.17,1.0,60|74,48|60,0|1,1|0,0.0|0.0,eighth|eighth,0|0,0|0,0|0,0|0,2|2,9|12,0|4,0|0,2|3,5|4,2|1,0.943,0,0.092,3.588,0,"{'sustain': 0.0, 'sostenuto': 0.0}",0.0|0.0,0,0,2.333|2.667
./mxl/1/40/Qmbr5wFrt5dnLrAUky3VCNfCrCQLG9bPTTWMqdPrNLU9dd.mxl,False,,Easy,8notes,Ward,America the Beautiful,,"1 pitched part(s), staves 2",True,17,17,65.0,candidate,4/4,simple,0,-5,0,0,none,UNKNOWN,,,,,60|77,44|63,0|2,1|0,3.45|2.44,eighth|eighth,8|8,0|0,0|0,0|0,2|2,10|19,0|8,0|0,2|6,6|10,7|4,0.968,0,0.774,4.002,0,"{'sustain': 0.0, 'sostenuto': 0.0}",0.0|0.0,0,0,2.0|2.0
./mxl/1/40/QmbrdXPYHECGyFgbkL8adrnPH8qec9VqGVxxjjTPDyXzGS.mxl,False,,PSyllabus:AGME=5(ps7); PSyllabus:ANZCA=8(ps7); PSyllabus:Piano St=6(ps7),exam-lists,Czerny C.,School of Velocity Op 299 No 9,,"1 pitched part(s), staves 2",True,71,71,284.0,none,4/4,simple,0,0,0,12,none,UNKNOWN,,,,,55|101,36|84,4|3,2|2,7.41|5.84,16th|16th,0|0,0|0,0|0,0|0,4|4,12|12,0|4,1|2,3|3,192|136,6|8,0.166,0,0.089,5.173,5,"{'sustain': 0.0, 'sostenuto': 0.0}",0.3648|0.2067,102,0,4.0|2.0
./mxl/1/41/QmbRwoKn5qtop14tjmgEURzkzgFbhVQsdN7HY2pUBAx35a.mxl,False,,section IV.2,piano-aio-dummies-candidates,,Love Me Like You Used To,,"1 pitched part(s), staves 2",True,11,11,44.0,none,4/4,simple,0,0,0,0,metronome,60,1.48,3.41,1.69,1.0,64|84,36|60,2|1,0|2,9.62|28.26,16th|eighth,0|6,0|0,0|0,0|0,3|1,12|0,0|0,0|2,2|4,8|2,0|0,0.538,0,0.173,4.403,0,"{'sustain': 0.0909, 'sostenuto': 0.0}",0.0|0.0,0,2,2.75|1.0
./mxl/1/44/QmbtqGpbZ6U9DECtd1YBPf2fXQP2kPyRnEU2A8odVEfzb1.mxl,False,,PSyllabus:ABRSM=5(ps5); PSyllabus:GCSE=5(ps5),exam-lists,Scarlatti D.,Sonata in A Kp 323,,"1 pitched part(s), staves 2",True,64,63,187.5,none,6/8,compound,0,3,0,0,metronome,UNKNOWN,3.96,5.1,,0.024,64|85,40|68,2|3,0|1,8.46|2.54,eighth|eighth,0|0,0|0,0|0,0|0,2|1,9|0,0|0,1|0,4|3,96|37,0|0,0.317,0,0.432,4.443,0,"{'sustain': 0.0, 'sostenuto': 0.0}",0.0|0.0,0,2,2.0|0.667
./mxl/1/45/QmbTopuMgbQW17EXKEVAKhk4cPnB2JTKrkjUgXccKjFheF.mxl,False,,Intermediate,8notes,Schubert,12 Valses Nobles D.969,,"1 pitched part(s), staves 2",True,40,40,120.0,none,3/4,simple,0,3,0,0,metronome,150,3.04,8.71,3.33,1.0,66|93,44|66,4|2,0|0,8.73|4.26,eighth|quarter,0|0,0|0,0|0,0|0,3|3,12|10,1|0,0|3,6|3,4|118,32|0,0.514,0,0.476,4.571,0,"{'sustain': 0.0, 'sostenuto': 0.0}",0.0|0.0,0,1,2.0|2.0
./mxl/1/46/Qmbu31rSDnwndReghPNC2EBocGeKXZP1qZchns1zp8Xnbh.mxl,False,,PSyllabus:GCSE=6(ps6),exam-lists,Badelt K. and Zimmer H.,Hes a Pirate (Pirates of the Caribbean),,"1 pitched part(s), staves 2",True,86,86,258.0,none,6/8 3/4,compound simple,1,-1,0,1,metronome,189,6.07,13.69,7.35,1.0,50|86,21|62,3|1,3|6,1.75|1.21,16th|16th,2|2,0|0,0|0,4|0,4|4,12|12,174|72,5|78,25|2,14|66,21|15,0.441,0,0.101,4.838,3,"{'sustain': 0.4651, 'sostenuto': 0.0}",0.1012|0.0333,0,0,2.333|2.0
./mxl/1/46/QmbugpTc8Mn4LijK68jAwSsJr966ZNuHdQQJcgsa77DR3W.mxl,False,,PSyllabus:AGME=7(ps8); PSyllabus:AMEB=7(ps8); PSyllabus:NZMEB=7(ps8),exam-lists,Prokofiev S.,Visions fugitives Op 22 No 6 Con Elegenza  No 10 Ridicolosamente,,"1 pitched part(s), staves 2",True,39,39,78.0,none,2/4,simple,0,-5,0,1,metronome,96,3.77,8.29,5.6,1.0,53|92,46|71,4|0,3|3,20.13|17.69,32nd|eighth,4|0,0|0,0|0,31|3,2|3,8|10,0|0,13|1,3|1,13|120,8|0,0.435,0,0.641,3.995,0,"{'sustain': 0.0, 'sostenuto': 0.0}",0.0|0.0,0,0,2.0|4.0
./mxl/1/48/QmbvNgJewmJ4MEB9seLm9ymiQXoahKWafxeT5F6cfsCs2x.mxl,False,,PSyllabus:ABRSM=3(ps3); PSyllabus:AGME=3(ps3); PSyllabus:AMEB=3(ps3); PSyllabus:NZMEB=3(ps3); PSyllabus:Piano St=3(ps3); PSyllabus:RCM=4(ps3); PSyllabus:SCSM=3(ps3); PSyllabus:Trinity=3(ps3),exam-lists,Schumann R.,Album for the Young. Op. 68. No 8,,"1 pitched part(s), staves 2",True,27,27,72.0,confirmed,6/8,compound,0,0,0,0,metronome,120,3.83,8.67,4.0,1.0,60|77,48|65,0|2,1|0,4.08|3.64,eighth|eighth,0|0,0|0,0|0,0|0,3|3,9|8,0|0,0|0,3|1,23|23,0|0,0.486,0,0.064,3.823,0,"{'sustain': 0.0, 'sostenuto': 0.0}",0.0|0.0,0,1,2.0|2.0
./mxl/1/50/QmbwFzQgTqJqpUDNdD6t2JshPsrC8FbQxaceSsCeDBiB4y.mxl,False,,PSyllabus:PS=8(ps8); PSyllabus:SCSM=7(ps8),exam-lists,Satie E.,Le Piccadilly,,"1 pitched part(s), staves 2",True,44,44,88.0,none,2/4,simple,0,-2,0,6,metronome,84,4.04,10.18,4.72,1.0,52|89,26|69,3|3,2|5,3.6|4.11,16th|16th,0|0,0|0,0|0,15|3,4|3,12|12,74|60,3|84,4|4,10|29,14|7,0.504,0,0.184,4.827,0,"{'sustain': 0.0, 'sostenuto': 0.0}",0.0|0.0,0,0,4.0|3.5
./mxl/1/51/QmbWGz7ejcyNAKP9exVeBeFpvDttuow7Z3g1BAxbBLdmc1.mxl,False,,Intermediate,8notes,,We Three Kings of Orient Are,,"1 pitched part(s), staves 2",True,32,32,48.0,none,3/8,simple,0,1,0,0,metronome,60,2.02,4.23,2.33,1.0,59|74,35|57,0|0,1|2,2.73|5.38,eighth|16th,0|0,0|0,0|0,0|0,3|2,9|7,0|0,0|0,2|2,7|21,2|0,0.588,0,0.143,4.299,0,"{'sustain': 0.0, 'sostenuto': 0.0}",0.0|0.0,25,0,2.0|2.0
./mxl/1/51/QmbWhh9XHvZUR6njYZgXiDqgUQtHouDJoJKxQkszHJrcKF.mxl,False,,ANZCA Modern=7; ANZCA Modern=8,exam-lists,,A Dream is a Wish Your Heart Makes,,"1 pitched part(s), staves 2",True,32,32,128.0,none,4/4,simple,0,1,0,0,none,UNKNOWN,,,,,61|74,41|59,0|0,1|0,14.63|16.0,quarter|quarter,0|0,0|0,0|0,0|0,2|2,6|11,0|0,0|0,3|2,9|10,0|0,0.256,0,0.187,4.357,0,"{'sustain': 0.0, 'sostenuto': 0.0}",0.0|0.0,0,0,0.75|0.5
./mxl/1/52/Qmbx2G4kGQ45oPi4qVqSYnGQ1s1LgVwhfYsCDhbPpDSUpN.mxl,False,,Intermediate,8notes,Czerny,"160 kurze Ubungen, Op.821",,"1 pitched part(s), staves 2",True,8,8,32.0,none,4/4,simple,0,0,0,1,metronome,122,7.05,13.28,7.62,1.0,66|84,48|67,2|2,0|2,0.64|0.0,16th|eighth,0|0,0|0,0|0,0|0,2|3,4|10,0|0,0|0,3|1,11|1,0|0,0.036,0,0.005,3.911,0,"{'sustain': 0.0, 'sostenuto': 0.0}",0.2584|0.2692,0,0,6.0|1.5
./mxl/1/55/QmbY56iawPVEWk3XuKdVhRkc6isHwhHuAoMCuPAT4wP9Ye.mxl,False,,section V.3 performance piece,piano-aio-dummies-candidates,,Turkey in the Straw,,"1 pitched part(s), staves 2",True,20,20,77.0,candidate,4/4,simple,0,0,0,0,metronome,220.0,5.67,11.1,6.88,1.0,62|84,36|65,2|2,0|2,8.4|1.75,16th|quarter,0|0,0|0,0|0,0|0,2|4,9|10,0|0,0|0,3|1,14|22,2|0,0.529,0,0.004,4.273,0,"{'sustain': 0.0, 'sostenuto': 0.0}",0.0|0.0,0,2,1.75|1.5
./mxl/1/55/QmbYdGXCffhnEdmatVhyiUeez5UUx15hGojRcur5299Boi.mxl,False,,PSyllabus:ABRSM=4(ps4); PSyllabus:AMEB=3(ps4); PSyllabus:RCM=6(ps4); PSyllabus:RIAM=6(ps4); PSyllabus:SCSM=4(ps4); PSyllabus:Trinity=4(ps4),exam-lists,Bach J.S.,Little Prelude in C minor BWV 999,,"1 pitched part(s), staves 2",True,43,43,129.0,none,3/4,simple,0,-3,0,0,none,UNKNOWN,,,,,54|72,38|57,0|0,3|1,10.7|12.8,16th|eighth,0|0,0|0,0|0,0|0,3|1,8|0,0|0,0|2,1|1,11|2,0|0,0.002,0,0.268,4.154,0,"{'sustain': 0.0, 'sostenuto': 0.0}",0.0|0.0,0,0,3.0|1.0
./mxl/1/57/QmbZaNDzKXjgR2Q5dZ7LnwKMZPcSqAQcoefjjLU9sTYS7M.mxl,False,,chapter 11,pianofordummies-candidates,,"Swing Low, Sweet Chariot",,"2 pitched part(s), staves 1+1",True,16,16,64.0,none,4/4,simple,0,-1,0,0,none,UNKNOWN,,,,,60|74,60|72,0|0,1|1,0.0|1.59,eighth|eighth,2|2,0|0,0|0,0|0,1|1,0|0,0|0,0|0,5|5,6|6,0|0,0.55,0,0.048,2.721,0,"{'sustain': 0.0, 'sostenuto': 0.0}",0.0|0.0,0,0,1.0|1.0
./mxl/1/57/QmbZwfRXiu55xZEnvc4VQEF5HRQKAvF4wyckFsm78UpedQ.mxl,False,,level Level 1A,beginner-methods,,Jingle Bells!,,"1 pitched part(s), staves 2",True,19,19,76.0,none,4/4,simple,0,1,0,0,metronome,120,4.11,8.53,4.5,1.0,62|86,38|66,2|2,0|1,0.0|0.0,16th|eighth,2|0,11|0,0|0,0|0,2|2,12|4,24|0,0|2,7|3,7|144,0|0,0.628,0,0.037,3.922,0,"{'sustain': 0.0, 'sostenuto': 0.0}",0.0|0.0,3,2,1.5|2.0
./mxl/1/9/QmbaGWkrzj6fG1XeGZxQWAzRdQmqV8xJJwpYyyQHBK1uRY.mxl,False,,ANZCA Modern=5,exam-lists,,The Pink Panther,,"1 pitched part(s), staves 2",True,24,24,96.0,none,4/4,simple,0,3,0,0,metronome,80,1.35,1.92,2.0,1.0,64|78,50|61,0|1,0|0,25.88|52.5,16th|eighth,0|0,3|0,6|0,0|0,2|2,11|7,0|0,0|0,2|1,9|3,0|0,0.103,1,0.442,4.225,0,"{'sustain': 0.0, 'sostenuto': 0.0}",0.0|0.0,0,0,0.75|0.5
./mxl/10/0/QmS1FmNRJdaZjyCpjGZvnWr8GxSZeosRjnq11Tk6Eoh7eA.mxl,False,,PSyllabus:AMEB=10(ps10),exam-lists,Czerny C.,Study in G minor No 50 from Die Kunst der Fingerfertigkeit The art of finger dexterity Op 740,,"1 pitched part(s), staves 2",True,79,79,316.0,none,4/4,simple,0,-2,0,31,metronome,UNKNOWN,11.77,18.33,12.27,0.997,42|103,24|82,5|3,3|9,15.03|15.37,16th|16th,0|0,0|0,0|0,0|0,5|5,24|28,0|198,18|62,2|3,1208|64,8|9,0.261,0,0.284,5.687,14,"{'sustain': 0.1266, 'sostenuto': 0.0}",0.0|0.0,0,0,4.0|2.0
./mxl/10/0/QmS1cheYT3GeeH7RMZLYkTNCr58vj54Z5uRvZmFW97Tkn7.mxl,False,,PSyllabus:Piano St=7(ps7),exam-lists,Scarlatti D.,Sonata - K 526 C minor,,"1 pitched part(s), staves 2",True,198,198,792.0,none,2/2,simple,0,-2,0,87,metronome,176,6.34,8.76,12.47,1.0,43|84,31|86,4|8,6|9,10.13|11.38,64th|64th,4|8,3|2,134|30,0|0,2|2,16|12,4|20,102|86,3|3,40|24,104|60,0.329,0,0.277,4.774,0,"{'sustain': 0.0, 'sostenuto': 0.0}",0.0|0.0,0,0,2.0|1.0
./mxl/10/1/QmS2enG17nJVrbMvvCcHDW9wAN8nLSV1CPMmtghD7SZFVQ.mxl,False,,ABRSM Jazz Performance=3; ABRSM Jazz Performance=7; ABRSM Jazz=3,exam-lists,Bart Howard,Fly Me To The Moon,,"1 pitched part(s), staves 2",True,22,22,88.0,none,4/4,simple,0,0,0,0,none,UNKNOWN,,,,,53|76,36|60,0|1,3|2,20.25|14.63,quarter|quarter,0|0,0|0,0|0,0|0,5|3,14|16,0|0,0|0,2|2,12|10,21|0,0.741,0,0.167,4.787,0,"{'sustain': 0.0, 'sostenuto': 0.0}",0.0|0.0,10,1,1.625|1.0
./mxl/10/13/QmSccT9YmWqoJ6HFjVRnHfyFwC3fNso59ukB2P2RmH2g9r.mxl,False,,ANZCA Modern=5,exam-lists,,Weeping Willow,,"2 pitched part(s), staves 1+1",True,88,88,176.0,none,2/4,simple,0,1,1,0,none,UNKNOWN,,,,,57|86,35|67,2|3,2|2,10.54|9.55,16th|16th,0|0,13|0,0|0,0|0,4|4,12|12,20|116,7|23,3|2,15|56,22|1,0.365,0,0.124,5.036,0,"{'sustain': 0.0, 'sostenuto': 0.0}",0.0|0.0,0,4,5.0|4.0
./mxl/10/13/QmSczokV1j5DT3UMtm4YQG2ZGvU4UsC8bCA9kbeAMtoXW4.mxl,False,,Advanced,8notes,Wagner,Lohengrin Prelude to Act I,,"1 pitched part(s), staves 2",True,75,75,300.0,none,4/4,simple,0,3,0,6,metronome,37,1.08,2.66,1.62,1.0,56|100,33|88,3|3,2|3,10.95|16.92,32nd|32nd,14|11,25|15,14|11,1|3,4|4,15|15,34|15,9|6,5|3,25|11,45|36,0.389,0,0.4,5.329,6,"{'sustain': 0.1067, 'sostenuto': 0.0}",0.0|0.0,0,0,2.25|2.0
./mxl/10/14/QmSCFycf8NBkcyhemv2X2ZVVVucp1v6sG1Emook2w7Qo1K.mxl,False,,RCM=4,exam-lists,attr. J.S. Bach,"Minuet in D Minor, BWV Anh. 132",,"1 pitched part(s), staves 2",True,18,18,54.0,none,3/4,simple,0,-1,0,0,none,UNKNOWN,,,,,61|82,38|69,1|3,1|1,9.21|8.47,16th|eighth,0|1,0|0,0|0,0|0,2|2,9|7,0|0,4|0,2|1,12|10,0|0,0.444,0,0.148,4.62,0,"{'sustain': 0.0, 'sostenuto': 0.0}",0.0|0.0,0,2,1.667|1.0
./mxl/10/15/QmSd8iw4LSxdLT5B28Fv2jg9QeLdcY7BQT2zsoeNxqqSDW.mxl,False,,PSyllabus:AMEB=6(ps7),exam-lists,Desmond P.,Take five,,"2 pitched part(s), staves 1+1",False,25,25,125.0,none,5/4,UNKNOWN,0,-6,0,0,metronome,136,3.64,7.13,3.74,1.0,56|78,41|58,0|0,2|0,10.26|0.84,16th|eighth,0|0,0|0,0|0,0|0,1|3,0|7,0|0,0|0,2|1,8|3,0|0,,,0.786,4.164,0,"{'sustain': 0.0, 'sostenuto': 0.0}",0.1538|0.0467,49,1,1.2|1.8
./mxl/10/18/QmSEWJzcpsLMznkW4XGW2e6UbBUZt2BMhgELCyoHCWn6Ad.mxl,False,,Advanced,8notes,Czerny,"50 Exercises progressifs dans tous les tons majeurs et mineurs, Op.840",,"1 pitched part(s), staves 2",True,32,32,128.0,none,4/4,simple,0,1,1,5,sound tempo,121,5.69,10.3,7.44,1.0,64|92,40|71,4|2,0|2,7.39|1.51,16th|16th,0|0,20|0,12|44,0|0,3|3,9|10,0|0,0|2,5|8,18|126,0|17,0.313,0,0.343,4.77,0,"{'sustain': 0.0, 'sostenuto': 0.0}",0.3074|0.0572,0,4,2.0|3.5
./mxl/10/19/QmSfWTFmZQMvojLFLuL7dfUmmnVnhbNnhx5vKd7vbFJZYW.mxl,False,,level Level 1,beginner-methods,,Party Time,,"2 pitched part(s), staves 2+2",False,12,12,48.0,none,4/4,simple,0,0,0,0,metronome,170,6.67,12.89,7.77,1.0,60|72,36|45,0|0,1|2,0.0|0.0,eighth|eighth,0|0,0|0,0|0,0|0,1|1,0|0,0|0,0|0,1|1,4|2,0|0,,,0.0,3.618,0,"{'sustain': 0.0, 'sostenuto': 0.0}",0.0|0.0,0,0,1.0|1.125
./mxl/10/2/QmS3hx3h71TRHBusV5PzWTZeCa727depEF2TSwRDHbotcV.mxl,False,,PSyllabus:GCSE=5(ps5),exam-lists,Valente A.,Lo ballo dellIntorcia,,"1 pitched part(s), staves 2",True,56,56,112.0,none,2/4,simple,0,-1,0,0,metronome,90,4.89,11.05,6.19,1.0,55|84,41|69,2|3,2|0,8.29|0.9,16th|32nd,1|0,0|0,0|0,0|0,3|3,9|12,0|0,0|6,6|9,56|44,19|49,0.378,0,0.184,4.449,0,"{'sustain': 0.0, 'sostenuto': 0.0}",0.0|0.0,0,0,3.25|3.75
./mxl/10/20/QmSFqZSVAYQTZ5wsk3MFDMWL5WfRgbddC6gzPQLa1RzbzY.mxl,False,,PSyllabus:ABRSM=5(ps5),exam-lists,Beach A.,The Returning Hunter (No 2 from Eskimos Op 64),,"1 pitched part(s), staves 2",True,86,86,172.0,none,2/4,simple,0,1,0,10,metronome,172,4.87,9.48,6.45,1.0,50|93,31|76,3|2,1|3,7.41|10.85,16th|16th,4|0,0|0,3|3,0|0,4|4,12|12,2|3,2|2,4|3,8|7,18|1,0.476,0,0.206,4.945,2,"{'sustain': 0.0698, 'sostenuto': 0.0}",0.0|0.0,0,0,2.0|1.5
./mxl/10/23/QmSham5oUp4k6FZ8yeduMkJyfgvWCZh3RVC1Wswsy3MCY5.mxl,False,,PSyllabus:AMEB=1(ps1),exam-lists,Grieg E.,In the hall of the mountain king arr. Bastien,,"1 pitched part(s), staves 2",True,45,45,180.0,none,4/4,simple,0,0,0,4,metronome,UNKNOWN,3.21,5.99,4.66,0.533,45|95,33|47,2|0,2|3,14.95|5.8,eighth|16th,0|0,0|0,0|0,0|0,4|2,12|12,1|1,0|1,2|8,12|81,0|0,0.55,0,0.16,4.972,2,"{'sustain': 0.0, 'sostenuto': 0.0}",0.3992|0.1558,0,0,1.75|1.0
./mxl/10/25/QmSi4QSQ9CCi1VQZCwBhAtx6sj738PouciqdpAtFN9iG9c.mxl,False,,Easy,8notes,Giardini,"Come, Thou Almighty King",,"2 pitched part(s), staves 1+1",True,16,16,48.0,none,3/4,simple,0,1,0,0,none,UNKNOWN,,,,,62|76,43|64,0|2,0|0,0.0|0.0,eighth|eighth,3|3,0|0,0|0,0|0,2|3,9|16,0|9,0|0,3|3,6|6,7|4,0.976,0,0.062,3.597,0,"{'sustain': 0.0, 'sostenuto': 0.0}",0.0|0.0,0,0,2.0|2.0
./mxl/10/27/QmSJebudN4xms6Xa2yr5Z8Gi6oe8HrxnuiHVTBfjg3CrwB.mxl,False,,Easy,8notes,George C. Stebbins,"Have Thine Own Way, Lord!",,"2 pitched part(s), staves 1+1",True,9,9,72.0,confirmed,9/4,compound,0,-3,0,0,metronome,140,1.17,4.67,1.32,1.0,58|74,44|60,0|1,1|0,4.17|0.0,quarter|quarter,0|0,0|0,0|0,0|0,2|2,11|16,0|6,0|0,2|3,3|3,0|0,1.0,0,0.667,3.726,0,"{'sustain': 0.0, 'sostenuto': 0.0}",0.0|0.0,0,0,1.111|1.111
./mxl/10/28/QmSkpv88AXBwfQVSki4Lja1uAi1SiabTExoBT7fJmkVgyd.mxl,False,,PSyllabus:AMEB=5(ps6); PSyllabus:ANZCA=5(ps6); PSyllabus:GCSE=6(ps6); PSyllabus:LCM=6(ps6); PSyllabus:NZMEB=5(ps6); PSyllabus:Piano St=6(ps6); PSyllabus:RCM=8(ps6); PSyllabus:SCSM=6(ps6); RCM=8,exam-lists,"Bach, Johann Sebastian","Invention No. 15 in B Minor, BWV 786",,"1 pitched part(s), staves 2",True,22,22,88.0,none,4/4,simple,0,2,0,0,metronome,75,4.45,6.78,5.0,1.0,59|84,37|64,2|2,1|2,9.54|8.8,16th|16th,0|0,3|1,0|0,0|0,1|1,0|0,0|0,0|1,2|2,62|24,0|0,0.524,0,0.371,4.966,0,"{'sustain': 0.0, 'sostenuto': 0.0}",0.0|0.0,0,0,3.0|2.375
./mxl/10/29/QmSKtqFdY6nBVxGGpGmMY3ris5sing2p3ih139vDjQs73S.mxl,False,,PSyllabus:AGME=7(ps7),exam-lists,Joplin S.,Palm Leaf Rag,,"1 pitched part(s), staves 2",True,77,77,152.0,none,2/4,simple,0,-2,2,0,sound tempo,62,3.37,7.31,4.0,1.0,58|87,34|68,3|3,1|2,9.47|7.84,16th|16th,0|0,9|0,0|0,2|2,4|3,12|12,4|68,3|49,3|2,23|65,6|3,0.418,0,0.382,5.027,0,"{'sustain': 0.0, 'sostenuto': 0.0}",0.0|0.0,0,4,4.0|4.0
./mxl/10/30/QmSLpwuAGvCouQPv2tcuEYxL3opfuVnpD25jnapY9NY7Wk.mxl,False,,level Lesson Book 1,beginner-methods,,O SOLE MIO.,,"1 pitched part(s), staves 2",True,16,16,64.0,none,4/4,simple,0,1,0,0,none,UNKNOWN,,,,,57|69,50|60,0|1,2|0,5.26|2.38,eighth|quarter,1|0,0|0,0|0,0|0,1|3,0|10,0|0,0|0,3|1,3|16,0|0,0.318,0,0.164,3.402,0,"{'sustain': 0.0, 'sostenuto': 0.0}",0.0|0.0,0,0,0.5|0.75
./mxl/10/37/QmSPgyoaikeBuhxLLbp6LevuJLjj6KXNPwsJQaD54boxbE.mxl,False,,PSyllabus:ABRSM=6(ps6),exam-lists,Bach C.P.E.,Solfeggietto in C minor Wq 1172,,"1 pitched part(s), staves 2",True,35,35,140.0,none,4/4,simple,0,-3,0,6,sound tempo,125,7.71,8.29,8.33,1.0,56|87,35|77,3|2,2|2,9.93|13.43,16th|16th,0|0,0|0,0|0,0|0,1|2,0|12,0|8,2|3,1|2,168|27,1|1,0.012,10,0.293,4.802,0,"{'sustain': 0.0, 'sostenuto': 0.0}",0.0|0.0,0,0,3.0|0.75
./mxl/10/37/QmSPmyZVe81hgJcKmYDyadC9svaiGGBQVFbcwyNgxSBHcZ.mxl,False,,ANZCA Modern=3,exam-lists,,Left Behind,,"1 pitched part(s), staves 2",True,44,44,172.5,candidate,4/4,simple,0,3,0,1,metronome,70,2.49,3.67,3.86,1.0,66|93,30|78,1|3,3|2,3.15|6.93,16th|16th,8|0,4|0,0|0,0|0,2|1,12|0,1|0,2|35,2|2,33|101,3|0,0.439,0,0.516,5.049,1,"{'sustain': 1.0, 'sostenuto': 0.0}",0.0|0.0,0,0,1.25|2.0
./mxl/10/38/QmSqoPiQaeUegVC4PYWSfP7Ru6tCLoc64zdDZyTb6pfqNi.mxl,False,,Intermediate,8notes,Czerny,"160 kurze Ubungen, Op.821",,"1 pitched part(s), staves 2",True,8,8,16.0,none,2/4,simple,0,-1,0,0,metronome,90,11.34,15.66,12.0,1.0,67|91,52|70,4|4,0|0,0.0|0.0,32nd|32nd,0|0,0|0,0|0,0|0,1|2,0|4,0|0,0|0,1|3,8|112,0|0,0.355,0,0.12,3.899,0,"{'sustain': 0.0, 'sostenuto': 0.0}",0.5102|0.0783,0,0,3.0|8.0
./mxl/10/43/QmSSZAHjALT7zf8hpZpLFXaBHB9ytuBETs4QbhvYDFSAaa.mxl,False,,RCM=2,exam-lists,W.A. Mozart,"Minuet in G Major, K 1e",,"1 pitched part(s), staves 2",True,36,36,96.0,confirmed,3/4 2/4 3/4 2/4 3/4 2/4 3/4,simple,6,1,1,0,metronome,200,4.79,8.89,6.11,1.0,62|86,38|65,2|2,0|1,4.38|1.68,16th|16th,0|0,0|0,2|0,0|0,1|2,0|8,0|0,0|1,3|9,5|9,0|8,0.725,0,0.078,4.576,0,"{'sustain': 0.0, 'sostenuto': 0.0}",0.0|0.0,0,3,1.333|1.0
./mxl/10/44/QmStycC8F8rRhRhqsgL2PCMWH2y7h4eVyDicHbzS6jce99.mxl,False,,ANZCA Modern=3; ANZCA Modern=5,exam-lists,,Heart and Soul,,"2 pitched part(s), staves 1+2",False,13,13,52.0,none,4/4,simple,0,0,0,0,none,UNKNOWN,,,,,69|84,55|72,2|0,0|2,0.0|0.0,16th|eighth,0|0,0|0,13|24,0|0,4|3,12|7,0|0,0|0,3|2,3|1,0|0,,,0.0,4.501,0,"{'sustain': 0.0, 'sostenuto': 0.0}",0.0|0.0,0,0,0.75|3.0
./mxl/10/45/QmST6G67gqh7Zt2RK6a2N5vZmWePxzbhttqf2RmuFQSVqj.mxl,False,,Easy,8notes,,Drink to Me Only With Thine Eyes,,"2 pitched part(s), staves 1+1",True,16,16,48.5,none,6/8,compound,0,-3,0,0,metronome,70,1.68,6.09,1.75,1.0,62|75,70|86,0|8,0|0,0.0|0.0,eighth|eighth,0|0,0|0,0|0,0|0,2|2,9|14,0|2,0|0,5|10,10|9,16|16,0.914,0,0.644,3.428,0,"{'sustain': 0.0, 'sostenuto': 0.0}",0.0|0.0,0,0,3.071|2.833
./mxl/10/45/QmSTdxMvMqwFtoxTnEnLjWmd8ymDZEWdfNVX3gmuEfdost.mxl,False,,PSyllabus:ABRSM=3(ps3); PSyllabus:GCSE=3(ps3); PSyllabus:RIAM=4(ps3),exam-lists,Reinecke C.,Sonatina in A minor Op 136 No 4 - mvt 4 Vivace,,"1 pitched part(s), staves 2",True,46,46,184.0,none,4/4,simple,0,0,0,0,metronome,152,4.1,6.21,5.07,1.0,56|81,35|65,1|2,2|2,12.16|8.67,eighth|eighth,10|6,0|0,0|0,0|0,3|2,10|10,0|0,0|0,2|3,7|40,7|16,0.299,0,0.166,4.633,0,"{'sustain': 0.0, 'sostenuto': 0.0}",0.0|0.0,0,1,1.5|1.0
./mxl/10/47/QmSU2sZYSBSygK3ekE7pHrFyYEPPGSZjzm7zASX4jsCzM6.mxl,False,,Beginner,8notes,,Jesus Christ is Risen Today,,"1 pitched part(s), staves 2",True,16,16,64.0,none,4/4,simple,0,0,0,0,none,UNKNOWN,,,,,59|76,43|62,0|1,1|0,2.14|1.6,eighth|eighth,1|4,0|0,0|0,0|0,2|2,12|16,2|8,0|2,6|6,8|8,16|16,0.736,0,0.011,3.928,0,"{'sustain': 0.0, 'sostenuto': 0.0}",0.0|0.0,0,0,2.0|2.0
./mxl/10/47/QmSUDHGgsU29t731Aar6xWBZnkp2QLrs6mPQWMk8uPsiNh.mxl,False,,RCM=10,exam-lists,Rachmaninoff,"Prélude, op. 3, no. 2",,"2 pitched part(s), staves 2+2",False,62,62,246.0,confirmed,4/4,simple,0,4,0,8,metronome,UNKNOWN,3.2,10.37,8.9,0.911,49|95,25|80,5|5,4|5,16.19|17.36,eighth|eighth,1|0,0|0,105|46,0|0,4|4,12|22,2|46,44|42,2|6,258|45,36|27,,,0.564,5.282,0,"{'sustain': 0.5161, 'sostenuto': 0.0}",0.0|0.0,0,0,4.0|1.5
./mxl/10/47/QmSUYJzmhovQkP8eK86QF8yi9pkN7k4jw371jrQexaNv93.mxl,False,,Easy,8notes,Rev. Robert Lowry,Nothing But the Blood of Jesus,,"2 pitched part(s), staves 1+2",False,16,16,64.0,none,4/4,simple,0,-1,0,3,metronome,100,1.48,5.78,1.67,1.0,60|72,57|60,0|1,1|2,0.0|0.0,16th|16th,0|0,6|6,0|0,0|0,2|1,7|0,0|0,0|0,3|4,6|6,1|0,,,0.036,3.095,0,"{'sustain': 0.0, 'sostenuto': 0.0}",0.0|0.0,0,0,1.5|0.75
./mxl/10/50/QmSwhkg7TzeRQrM4DDfN3gfPVPGqVeWdqtYahW7se7xK9H.mxl,False,,Easy,8notes,,Unto us is Born a Son,,"2 pitched part(s), staves 1+1",True,10,10,40.0,none,4/4,simple,0,2,0,0,metronome,120,2.0,7.5,2.12,1.0,57|76,42|62,0|1,2|0,0.0|0.0,eighth|eighth,0|1,0|0,0|0,0|0,2|2,12|16,1|3,0|0,5|4,22|22,10|10,0.925,0,0.213,3.928,0,"{'sustain': 0.0, 'sostenuto': 0.0}",0.0|0.0,0,0,2.0|2.0
./mxl/10/51/QmSWXZfDRB7aBd3rD3eRa5tMR4oP7SmxcPruY89nnZ8NBz.mxl,False,,PSyllabus:AGME=4(ps4); PSyllabus:AMEB=3(ps4); PSyllabus:GCSE=4(ps4); PSyllabus:Piano St=4(ps4); PSyllabus:SCSM=3(ps4),exam-lists,Schumann R.,Album for the Young Op 68 No 18,,"1 pitched part(s), staves 2",True,37,36,106.5,none,6/8,compound,0,0,0,0,sound tempo,112,3.42,6.66,3.73,1.0,60|84,48|67,2|3,1|0,3.54|0.0,eighth|eighth,0|0,0|0,0|0,6|0,2|2,9|7,0|0,0|0,2|6,22|25,20|0,0.528,0,0.026,4.155,0,"{'sustain': 0.0, 'sostenuto': 0.0}",0.1638|0.2759,0,2,2.333|1.333
./mxl/10/54/QmSyKy9tQzT1b71Lg5BF23cwcS1UpPbsePYDN78yzZt4aq.mxl,False,,ANZCA Modern=5,exam-lists,,Freddie Freeloader,,"2 pitched part(s), staves 1+1",True,12,12,48.0,none,4/4,simple,0,-2,0,0,metronome,125,0.65,1.74,1.04,1.0,65|72,54|67,0|0,0|2,15.0|22.22,eighth|quarter,0|0,0|0,0|0,0|0,1|2,0|6,0|0,0|0,1|1,2|2,0|0,0.8,0,0.425,3.692,0,"{'sustain': 0.0, 'sostenuto': 0.0}",0.0|0.0,6,0,0.5|0.75
./mxl/10/54/QmSyWcw2w5kLWB2VDfM9a9vVvNKD7mPrXQmYAsd1xCwM1F.mxl,False,,PSyllabus:RIAM=6(ps6),exam-lists,Scarlatti D.,Sonata in G minor K 35,,"1 pitched part(s), staves 2",True,42,41,160.0,confirmed,4/4,simple,0,-2,0,0,metronome,90,5.62,7.07,6.0,1.0,60|84,38|65,2|2,1|1,7.61|9.21,16th|16th,0|3,0|0,0|0,0|0,1|2,0|12,0|2,0|1,1|1,40|112,4|1,0.253,0,0.245,4.738,0,"{'sustain': 0.0, 'sostenuto': 0.0}",0.0|0.0,0,0,3.0|1.875
./mxl/10/54/QmSyodLkPUFGtnQwYZk41mHh3HkaLCbdceZ2LFKvvLXKBL.mxl,False,,Intermediate,8notes,Mozart,"Piano Sonata No. 1 in C Major, K. 279 1st movement",,"1 pitched part(s), staves 2",True,336,332,938.0,none,4/4 3/4 2/4,simple,2,0,2,64,metronome,120,6.02,9.12,9.33,1.0,48|88,31|79,3|3,2|3,8.89|8.58,32nd|16th,15|8,6|0,118|139,47|0,4|4,12|12,3|137,14|42,8|9,62|96,19|17,0.281,3,0.115,4.987,0,"{'sustain': 0.0, 'sostenuto': 0.0}",0.0323|0.005,0,6,2.5|2.25
./mxl/10/57/QmSZvFxemdgARWvSnuamy1ZQPAN4RpdiFbeB19TTaUqee6.mxl,False,,Easy,8notes,Meineke,Glory Be to the Father,,"2 pitched part(s), staves 1+1",True,14,14,56.0,none,4/4,simple,0,-3,0,0,metronome,100,1.19,4.17,1.46,1.0,60|75,44|63,0|2,1|0,5.71|1.43,eighth|eighth,2|2,0|0,0|0,0|0,2|2,10|12,0|6,0|0,5|5,6|6,0|0,1.0,0,0.729,3.708,0,"{'sustain': 0.0, 'sostenuto': 0.0}",0.0|0.0,0,0,1.0|1.0
./mxl/10/6/QmS7TExDFFHBuTy6SdrpzZv1M7UHUUrwKMQiGnb6C1KQUC.mxl,False,,Intermediate,8notes,,How Firm A Foundation,,"2 pitched part(s), staves 1+1",True,20,20,64.0,confirmed,2/2,simple,0,1,0,0,none,UNKNOWN,,,,,57|74,43|59,0|0,2|0,0.0|0.0,quarter|quarter,0|0,0|0,0|0,0|0,2|3,12|16,3|10,0|0,3|6,3|3,20|20,0.936,0,0.038,3.647,0,"{'sustain': 0.0, 'sostenuto': 0.0}",0.0|0.0,0,0,1.5|1.5
./mxl/11/1/QmT2Fednhnpvwp5DLd9xYTLnufWm4AT1Aqk5BVn4kZuoXs.mxl,False,,RCM=9,exam-lists,"Mozart, Wolfgang Amadeus","Sonata in B flat Major, K 570: 1st movement",,"1 pitched part(s), staves 2",True,209,209,627.0,none,3/4,simple,0,-2,2,24,sound tempo,144,5.34,7.64,9.6,1.0,57|89,34|75,3|3,2|2,13.47|10.8,32nd|16th,5|0,2|0,0|0,6|0,3|3,10|12,0|4,6|8,5|5,72|87,0|50,0.317,0,0.302,4.929,0,"{'sustain': 0.0, 'sostenuto': 0.0}",0.0|0.0,0,2,1.667|1.333
./mxl/11/15/QmTdNYvnAAcCpsLYHBiHVK13kCpsbjsD3biNASJjGEzqAF.mxl,False,,unit 11,faber-adult-allinone-pieces,,Nobody Knows the Trouble I've Seen,,"2 pitched part(s), staves 1+2",False,53,53,212.0,none,4/4,simple,0,-1,0,4,metronome,100,2.69,6.85,3.33,1.0,60|72,53|89,0|3,1|3,0.0|8.47,eighth|32nd,18|23,0|0,6|29,0|0,1|4,0|14,0|0,0|5,5|4,6|6,0|17,,,0.132,4.474,0,"{'sustain': 0.0, 'sostenuto': 0.0}",0.0|0.0,0,0,1.0|2.0
./mxl/11/15/QmTdg5xHzNAL4Z5v3tpSsj9sjA76csVEf3dD6fHjrpct3F.mxl,False,,Intermediate,8notes,Mozart,"Piano Sonata No.16 in C major, K.545",,"2 pitched part(s), staves 1+1",True,73,73,292.0,none,4/4,simple,0,0,0,16,metronome,120,6.78,8.71,8.0,1.0,55|89,36|74,3|4,2|2,5.57|4.42,32nd|16th,0|4,4|0,0|0,11|0,3|3,9|12,0|7,2|7,3|16,32|80,0|0,0.183,0,0.076,4.77,0,"{'sustain': 0.0, 'sostenuto': 0.0}",0.1023|0.0404,0,2,2.0|2.0
./mxl/11/16/QmTDBFbPLYF24o8ihUjDJ5XUYpstJj2VexoBQovTLXXNsS.mxl,False,,PSyllabus:PS=2(ps2),exam-lists,Mozart W.,Minuet in C major K 1f,,"1 pitched part(s), staves 2",True,18,18,48.0,confirmed,3/4 2/4 3/4,simple,2,0,0,0,metronome,150,3.85,7.92,4.58,1.0,62|86,43|65,2|2,0|0,2.7|1.28,16th|16th,0|0,0|0,0|0,0|0,1|2,0|8,0|0,0|1,2|8,5|7,0|7,0.811,0,0.033,4.424,0,"{'sustain': 0.0, 'sostenuto': 0.0}",0.0|0.0,0,2,1.333|2.0
./mxl/11/16/QmTDP6qSVY3d2trWGcrbHVY5iCk8FzYsyR8ytsxJsb5WzW.mxl,False,,Intermediate,8notes,Denza,Funiculi - Funicula,,"1 pitched part(s), staves 2",True,53,53,159.0,none,6/8,compound,0,-3,0,0,none,UNKNOWN,,,,,62|77,46|62,0|1,0|0,1.09|2.9,eighth|eighth,0|0,0|0,0|0,0|0,2|2,4|15,0|7,0|0,4|5,2|2,0|0,0.382,0,0.442,3.893,0,"{'sustain': 0.0, 'sostenuto': 0.0}",0.0|0.0,0,0,1.333|0.0
./mxl/11/18/QmTEJEKQA3BoBiMBmAqhmes4QvaP6cGC5ZAL1Ao8X15ccu.mxl,False,,ANZCA Modern=7,exam-lists,,Magnetic Rag,,"2 pitched part(s), staves 2+2",False,110,104,440.0,none,4/4,simple,0,-2,2,16,metronome,136,7.35,18.03,9.07,1.0,53|87,33|75,3|3,3|3,7.63|9.63,32nd|32nd,9|0,0|0,0|0,20|0,4|3,12|12,5|187,4|33,3|3,52|137,59|15,,,0.405,5.072,0,"{'sustain': 0.0, 'sostenuto': 0.0}",0.2481|0.1258,0,5,2.25|2.25
./mxl/11/2/QmT34q9w9QBs4cQ3NsMV7ku2ssXXLtr8CB741M3E6PVEd9.mxl,False,,Advanced,8notes,Scott Joplin,The Strenuous Life - A Ragtime Two Step,,"1 pitched part(s), staves 2",True,92,92,184.0,none,2/4,simple,0,0,3,0,sound tempo,70,3.7,9.29,4.38,1.0,59|89,29|67,3|3,1|4,8.55|6.89,16th|16th,3|0,2|0,0|0,0|0,4|4,12|12,53|79,2|67,6|3,11|65,16|0,0.395,0,0.146,5.13,0,"{'sustain': 0.0, 'sostenuto': 0.0}",0.0|0.0,0,4,4.5|4.0
./mxl/11/24/QmTHVhMGxTbMdmcnvPf7cZVrixf9Yrg1pVTGnC7X7cZha9.mxl,False,,Easy,8notes,,How Great Thou Art,,"1 pitched part(s), staves 2",True,95,95,380.0,none,4/4,simple,0,-1,0,0,metronome,100,3.08,5.36,3.33,1.0,60|89,36|72,3|4,1|2,2.49|0.35,16th|eighth,21|0,0|0,0|0,0|0,3|2,12|12,0|1,10|32,4|4,9|242,0|0,0.34,0,0.138,4.517,0,"{'sustain': 0.0, 'sostenuto': 0.0}",0.0|0.0,64,0,2.0|2.0
./mxl/11/25/QmTi4nCKDgusXctqQNPh5HUtVucwYY3hoP25UBmAZ5fDoa.mxl,False,,Intermediate,8notes,,We Gather Together,,"2 pitched part(s), staves 1+1",True,20,20,48.0,confirmed,3/4,simple,0,0,0,0,none,UNKNOWN,,,,,57|74,41|60,0|1,2|0,1.04|1.05,eighth|eighth,10|7,0|0,0|0,0|0,2|2,12|16,1|1,0|0,3|3,4|4,8|5,0.92,0,0.011,3.91,0,"{'sustain': 0.0, 'sostenuto': 0.0}",0.0|0.0,0,0,2.0|2.0
./mxl/11/26/QmTjSfWYErf2odme6Sg7BBjcjvQMJjRQzWMyMKG3vrxxvd.mxl,False,,Intermediate,8notes,Bach,Praeludium III BWV 847,,"1 pitched part(s), staves 2",True,31,31,124.0,none,4/4,simple,0,-3,0,0,metronome,76,4.02,7.43,4.83,1.0,55|84,36|62,2|1,2|2,17.64|12.18,16th|16th,0|0,0|0,0|0,0|0,4|2,16|12,5|1,10|7,2|1,34|48,26|5,0.446,0,0.301,4.941,0,"{'sustain': 0.0, 'sostenuto': 0.0}",0.0|0.0,0,0,4.0|2.25
./mxl/11/26/QmTjiLGXNinictMHmYdBbgoKnt3cJ2KbjsHFpFx6xkkoXf.mxl,False,,PSyllabus:ABRSM=7(ps7); PSyllabus:AMEB=7(ps7); PSyllabus:ANZCA=7(ps7); PSyllabus:GCSE=7(ps7); PSyllabus:LCM=9(ps7); PSyllabus:Piano St=7(ps7),exam-lists,Ravel M.,Menuet sur le nom dHaydn in G major,,"2 pitched part(s), staves 2+1",False,56,56,167.0,none,5/4 3/4,UNKNOWN simple,1,0,1,8,metronome,85,1.94,5.01,2.6,1.0,48|88,31|75,3|3,2|3,21.56|17.92,eighth|quarter,12|0,0|0,0|0,30|0,6|3,29|16,1|0,1|6,2|3,14|11,47|28,,,0.255,5.001,0,"{'sustain': 0.125, 'sostenuto': 0.0}",0.0|0.0,0,0,2.5|1.333
./mxl/11/27/QmTJENYHPL17Yj2pnVcVmdeMC43hVHWP9Vb5sC47i579Ya.mxl,False,,ANZCA Modern=1,exam-lists,,Scarborough Fair,,"1 pitched part(s), staves 2",True,18,18,54.0,none,3/4,simple,0,0,0,0,none,UNKNOWN,,,,,62|76,50|62,0|1,0|0,10.81|9.26,eighth|quarter,3|0,0|0,0|0,0|0,1|1,0|0,0|0,0|0,3|1,4|54,0|0,0.561,0,0.112,3.676,0,"{'sustain': 0.0, 'sostenuto': 0.0}",0.1351|0.0,18,1,0.667|1.0
./mxl/11/28/QmTk2BviXAGX8NPpECergw3ihn5ef4KbmrZY8jwHiRj3Bg.mxl,False,,Easy,8notes,,It is Well with My Soul (Philip P. Bliss),,"2 pitched part(s), staves 1+1",True,23,23,85.0,confirmed,4/4,simple,0,-5,0,0,none,UNKNOWN,,,,,60|75,44|63,0|2,1|0,1.74|1.82,eighth|eighth,2|2,0|0,0|0,0|0,2|2,12|19,1|15,0|0,3|3,6|2,6|5,0.857,0,0.785,3.964,0,"{'sustain': 0.0, 'sostenuto': 0.0}",0.0|0.0,0,0,1.5|1.5
./mxl/11/29/QmTKdPpR2beDZ5Uij5uhhyVnHNR8huLrF4w1Y8FLoV1Gtd.mxl,False,,Easy,8notes,Handel,The Arrival of the Queen of Sheeba,,"1 pitched part(s), staves 2",True,89,89,356.0,none,4/4,simple,0,-2,0,0,none,UNKNOWN,,,,,62|94,55|82,3|1,0|2,2.38|2.14,16th|16th,0|2,0|0,0|0,0|0,2|4,8|12,0|0,3|2,4|18,174|56,0|1,0.451,0,0.267,4.168,1,"{'sustain': 0.0, 'sostenuto': 0.0}",0.0|0.0,0,0,3.5|2.0
./mxl/11/33/QmTntdv2DhJ1tp4YJU8YYPYbWfJKntb2xwQVXz8a6vwtn9.mxl,False,,ANZCA Modern=4,exam-lists,,Short and Sweet,,"1 pitched part(s), staves 2",True,30,30,120.0,none,4/4,simple,0,-4,0,0,metronome,100,2.11,3.56,3.44,1.0,55|84,34|61,2|1,2|2,15.66|12.39,16th|16th,3|3,3|1,0|0,0|0,5|3,14|13,1|3,1|1,2|3,20|5,2|2,0.224,0,0.406,5.034,0,"{'sustain': 0.0, 'sostenuto': 0.0}",0.0|0.0,0,0,1.125|0.75
./mxl/11/39/QmTQSWcrdVtXgW3eCvoHM5i33DKm3kFscQ2a2sb37AYEvh.mxl,False,,PSyllabus:GCSE=5(ps5); PSyllabus:LCM=5(ps5),exam-lists,Lyadov A.,Prelude in D minor Op 40 No3,,"1 pitched part(s), staves 2",True,23,23,67.0,confirmed,3/4,simple,0,-1,0,2,sound tempo,52.5,1.68,2.9,1.75,1.0,57|84,38|72,2|2,2|2,18.4|16.98,eighth|eighth,0|0,0|0,0|0,0|0,3|3,10|11,0|0,1|1,2|2,20|7,14|14,0.302,0,0.194,4.72,0,"{'sustain': 0.7826, 'sostenuto': 0.0}",0.0|0.0,0,0,2.0|1.667
./mxl/11/4/QmT5Jn5VxKbNgHL8QYYXGCdpxWH4aHXTNJVwuuC4zKm1y4.mxl,False,,Easy,8notes,,Bella Ciao,,"1 pitched part(s), staves 2",True,62,62,248.0,none,4/4,simple,0,1,0,0,metronome,140,4.08,10.38,4.67,1.0,52|88,33|52,3|0,3|3,4.99|0.17,16th|16th,0|0,2|4,0|0,4|0,4|3,12|12,124|2,5|0,5|2,11|40,10|0,0.557,0,0.159,4.404,0,"{'sustain': 0.0, 'sostenuto': 0.0}",0.0|0.0,0,0,2.5|2.5
./mxl/11/41/QmTRPZhYJzrAhjguwW93X9djKmqXbW4je5uv15yoRf7GBu.mxl,False,,PSyllabus:Piano St=9(ps10),exam-lists,Rachmaninoff S.,Moment Musical - op 16 no 4 E minor,,"1 pitched part(s), staves 2",True,67,67,268.0,none,4/4,simple,0,1,0,22,metronome,104.0,10.63,18.76,12.02,1.0,35|98,28|79,4|3,3|4,16.88|18.47,32nd|32nd,1|0,3|0,139|248,0|0,4|4,12|16,49|33,27|75,9|2,103|531,27|16,0.475,2,0.223,5.208,2,"{'sustain': 0.9701, 'sostenuto': 0.0}",0.0|0.0,0,0,4.5|6.0
./mxl/11/42/QmTsVxUk3GDBu8QjtjKHoNLgPv4jWTdSaM92u74yhMxryX.mxl,False,,PSyllabus:RCM=6(ps5); PSyllabus:SCSM=2(ps5),exam-lists,Bartok B.,Round Dance 1 No 6 from For Children 2 BB 53 Sz 42,,"1 pitched part(s), staves 2",True,18,18,72.0,none,4/4,simple,0,1,0,0,metronome,70,1.52,2.98,1.82,1.0,59|71,40|64,0|2,1|1,3.0|16.28,eighth|eighth,0|0,0|0,0|0,0|0,2|3,7|10,0|0,0|0,4|4,8|14,5|7,0.447,0,0.234,4.058,0,"{'sustain': 0.0, 'sostenuto': 0.0}",0.0|0.0,0,0,1.25|1.25
./mxl/11/43/QmTStqcNWoVNn8R2HhuUiaodhwqfoaiH6otkY4uU68bCPP.mxl,False,,ANZCA Modern=7,exam-lists,,"Jesu, Joy of Man’s Desiring",,"1 pitched part(s), staves 2",True,54,54,216.0,none,4/4,simple,0,1,0,10,metronome,102,4.57,12.0,6.16,1.0,57|84,26|72,2|3,2|5,1.88|3.51,32nd|16th,0|0,0|1,183|28,0|0,4|6,20|36,1|177,1|24,3|2,98|36,46|19,0.383,0,0.102,4.659,0,"{'sustain': 0.0, 'sostenuto': 0.0}",0.0|0.0,0,0,5.75|2.0
./mxl/11/44/QmTtLk5hBKbrtBUsPhwxD2zZGssq86zXAKoDgJiXJLuiLz.mxl,False,,Intermediate,8notes,Hans Engelmann,Hallowe'en Dance,,"1 pitched part(s), staves 2",True,179,179,358.0,none,2/4,simple,0,-2,2,0,sound tempo,116,4.6,12.14,5.8,1.0,53|88,31|65,3|2,3|3,7.91|6.35,32nd|16th,13|0,0|1,0|0,0|0,4|3,12|14,23|129,7|73,4|3,18|28,38|14,0.612,0,0.258,4.938,0,"{'sustain': 0.0, 'sostenuto': 0.0}",0.0|0.0,0,4,3.0|3.0
./mxl/11/44/QmTtdJCiUBma2gSHVosJGMe1v5buW1rwpPD1UaKZ3GgscW.mxl,False,,PSyllabus:AGME=5(ps6); PSyllabus:RCM=8(ps6); PSyllabus:RIAM=6(ps6); PSyllabus:SCSM=5(ps6),exam-lists,Bach J.S.,French Suite No 2 BWV 813 - mvt 4 Air,,"1 pitched part(s), staves 2",True,454,454,1223.25,confirmed,4/4 3/4 2/2 3/8,simple,3,-3,0,0,metronome,UNKNOWN,5.85,8.63,19.5,0.88,57|84,36|65,2|2,2|2,9.84|10.58,32nd|32nd,0|20,137|110,0|0,6|0,3|2,12|12,2|6,2|10,3|3,89|35,52|66,0.426,0,0.334,4.912,0,"{'sustain': 0.0, 'sostenuto': 0.0}",0.0|0.0,0,0,2.0|1.75
./mxl/11/48/QmTvJh1vZRJXz5St8CwcgBRSUvuw84jPyMCksH31x6shJf.mxl,False,,RCM=10,exam-lists,"Bach, Johann Sebastian","Capriccio sopra la lontananza del fratello dilettissimo, BWV 992: 4th, 5th, and 6th movements",,"1 pitched part(s), staves 2",True,167,166,615.0,none,4/4 3/4 4/4,simple,2,-2,2,2,none,UNKNOWN,,,,,55|84,36|69,2|3,2|2,11.24|11.27,16th|16th,7|3,16|5,0|0,10|0,4|5,16|28,10|23,14|24,11|4,40|24,82|61,0.392,0,0.316,4.842,0,"{'sustain': 0.0, 'sostenuto': 0.0}",0.0|0.0,0,2,2.5|2.0
./mxl/11/5/QmT6K7ER9YD8LgZpsR7NhGM69UpFWwosuv3tdCd5oe8r8p.mxl,False,,PSyllabus:Piano St=8(ps9); PSyllabus:RCM=11(ps9); PSyllabus:SCSM=7(ps9),exam-lists,Chopin F.,Prelude in G major Op 28 no 3,,"1 pitched part(s), staves 2",True,33,33,132.0,none,4/4,simple,0,1,0,2,metronome,UNKNOWN,0.27,1.87,,0.045,57|98,36|86,2|2,2|2,3.66|1.39,16th|16th,0|0,0|0,0|0,2|0,4|3,11|0,0|0,0|3,5|2,64|496,12|0,0.22,0,0.047,4.268,1,"{'sustain': 0.0, 'sostenuto': 0.0}",0.0|0.0,0,0,1.0|4.0
./mxl/11/50/QmTweiRjwpiqZhaDuKLrPBLeAQX8yd7BHjCeCFx2jg7DRN.mxl,False,,Intermediate,8notes,E L Bowman,12th Street Rag,,"1 pitched part(s), staves 2",True,74,74,296.0,none,4/4,simple,0,0,0,0,none,UNKNOWN,,,,,55|78,36|65,0|2,2|2,4.8|6.02,16th|16th,4|0,89|0,0|0,0|0,4|3,15|16,4|30,2|0,4|4,11|28,0|0,0.47,0,0.07,4.361,0,"{'sustain': 0.0, 'sostenuto': 0.0}",0.0|0.0,0,2,3.0|2.0
./mxl/11/51/QmTWY2phdiw6hycPX7Yotyyn2myzbNm7rnPaJB1VbHzuPv.mxl,False,,RCM=10,exam-lists,"Bach, Johann Sebastian","Prelude and Fugue in B Major, BWV 868",,"1 pitched part(s), staves 2",True,53,53,212.0,none,4/4,simple,0,5,0,0,none,UNKNOWN,,,,,54|83,37|70,1|3,3|2,7.77|5.16,16th|16th,1|3,2|1,0|0,0|0,3|2,12|15,1|2,0|2,3|2,23|20,47|25,0.421,0,0.669,4.78,0,"{'sustain': 0.0, 'sostenuto': 0.0}",0.0|0.0,0,0,3.75|2.75
./mxl/11/52/QmTxZEKxW5oQWXhxqmTvs9mpFNBxaoSaapqaZsApQi2xWz.mxl,False,,RCM=4,exam-lists,attr. J.S. Bach,"Minuet in D Minor, BWV Anh. 132",,"1 pitched part(s), staves 2",True,32,32,96.0,none,3/4,simple,0,-1,0,0,none,UNKNOWN,,,,,61|82,38|62,1|1,1|1,10.42|9.0,32nd|eighth,0|2,0|0,0|0,0|0,1|1,0|0,0|0,8|0,2|1,12|12,0|0,0.452,0,0.152,4.615,0,"{'sustain': 0.0, 'sostenuto': 0.0}",0.0|0.0,0,0,1.667|1.0
./mxl/11/53/QmTXubLH9z9fbDxvB3v1dxpudTHiuYcp4nGdvSx4o33zZm.mxl,False,,Intermediate,8notes,Scott Joplin,The Augustan Club Waltzes,,"1 pitched part(s), staves 2",True,148,148,444.0,none,3/4,simple,0,-2,0,0,sound tempo,100,2.44,6.66,3.83,1.0,53|94,31|67,5|3,3|3,6.48|4.28,eighth|quarter,16|0,0|0,0|0,9|2,4|4,12|12,32|62,1|16,3|2,22|91,44|12,0.462,0,0.354,4.93,0,"{'sustain': 0.2162, 'sostenuto': 0.0}",0.0|0.0,0,4,2.0|2.333
./mxl/11/54/QmTyJP8L4pYMJhNSfVZcQRqHDsva878sPAVGaamsTZ3bwF.mxl,False,,Intermediate,8notes,Bach,Praeludium III BWV 847,,"1 pitched part(s), staves 2",True,31,31,124.0,none,4/4,simple,0,-3,0,0,metronome,76,4.05,7.49,4.83,1.0,55|84,36|62,2|1,2|2,17.23|12.18,16th|16th,0|0,0|0,0|0,0|0,4|2,16|12,5|1,10|7,2|1,34|48,26|5,0.446,0,0.293,4.929,0,"{'sustain': 0.0, 'sostenuto': 0.0}",0.0|0.0,0,0,4.0|2.25
./mxl/11/57/QmTZNZKbmjups1k5dXfBz5V65QP1FMRnfsSFpfyUwutStj.mxl,False,,ABRSM=3,exam-lists,Mozart,"Allegro in B♭, K. 3",,"1 pitched part(s), staves 2",True,32,31,60.0,confirmed,2/4,simple,0,-2,0,0,sound tempo,110,3.02,4.92,3.67,1.0,64|77,45|63,0|2,0|0,6.19|1.56,16th|eighth,0|1,0|0,0|0,2|0,1|2,0|4,0|0,0|0,2|2,7|5,0|0,0.586,0,0.273,4.162,0,"{'sustain': 0.0, 'sostenuto': 0.0}",0.0|0.0,0,2,2.0|1.0
./mxl/11/57/QmTZx5tHXaGszNQLxjJhhwFeBp36i4BuF2vat8UZJemfQY.mxl,False,,ANZCA Modern=5,exam-lists,,Do You Want to Build a Snowman?,,"1 pitched part(s), staves 2",True,102,102,408.0,none,4/4,simple,0,-3,0,0,metronome,150,3.29,5.16,5.62,1.0,53|106,27|79,8|6,3|4,7.61|7.78,16th|16th,0|0,0|0,0|0,0|0,4|4,22|12,29|59,9|11,4|2,33|60,0|0,0.272,1,0.641,4.851,0,"{'sustain': 0.3824, 'sostenuto': 0.0}",0.0|0.0,0,0,1.125|0.75
./mxl/11/7/QmT8tyVYRu3rHA4RF6EXxGoHcW6SCcjWTB9C5vtag9tVUD.mxl,False,,PSyllabus:Piano St=7(ps7),exam-lists,Tchaikovsky P.,Russian Dance - op 40 no 10 A minor,,"1 pitched part(s), staves 2",True,20,20,80.0,none,4/4,simple,0,1,0,0,none,UNKNOWN,,,,,64|79,43|64,0|2,0|0,1.83|8.33,eighth|quarter,0|0,0|0,0|0,0|0,2|2,8|7,0|0,0|0,2|2,7|6,0|0,0.413,0,0.064,3.632,0,"{'sustain': 0.0, 'sostenuto': 0.0}",0.0|0.0,0,0,1.5|0.5
./mxl/11/8/QmT9XDNSgFWba7QNTGdYHQe85DDX9vioPVZPt2kTxo7Aik.mxl,False,,Intermediate,8notes,Domenico Scarlatti,"Keyboard Sonata in B minor, K.87",,"1 pitched part(s), staves 2",True,70,70,210.0,none,3/4,simple,0,2,0,7,none,UNKNOWN,,,,,35|83,38|72,1|4,3|1,13.31|7.95,eighth|eighth,40|19,0|0,0|0,0|0,2|3,12|13,6|18,1|3,2|3,21|18,69|41,0.55,0,0.395,4.58,0,"{'sustain': 0.0, 'sostenuto': 0.0}",0.0|0.0,0,2,2.333|2.0
./mxl/12/0/QmU1nszC4coRA3qvzTpZW7MeKGb5D7P1GqvcGA6ZVr4uXd.mxl,False,,Trinity=2,exam-lists,Koji Kondo,The Legend of Zelda: Main Theme,,"1 pitched part(s), staves 2",True,75,75,300.002,none,4/4,simple,0,-5,4,12,metronome,144,4.22,10.86,6.45,1.0,45|85,22|84,2|2,2|6,6.38|6.81,32nd|16th,0|0,3|0,59|62,0|0,4|4,12|12,0|69,0|6,12|4,6|19,11|4,0.393,0,0.345,5.231,0,"{'sustain': 0.0, 'sostenuto': 0.0}",0.0|0.0,0,0,2.25|2.25
./mxl/12/11/QmUbTsKid7RNsExQmDuXQ9ndY654ANe9sFbgaWLghDa242.mxl,False,,Easy,8notes,,Down by the Riverside,,"2 pitched part(s), staves 1+1",True,36,36,144.0,none,4/4,simple,0,-1,0,0,none,UNKNOWN,,,,,60|70,60|72,0|0,1|1,3.54|0.0,eighth|eighth,4|4,0|0,0|0,0|0,1|1,0|0,0|0,0|0,5|4,7|7,0|0,0.915,0,0.098,2.729,0,"{'sustain': 0.0, 'sostenuto': 0.0}",0.0|0.0,19,1,0.75|0.75
./mxl/12/13/QmUc8BQMT7v4hRdkJpUxGixmLgYe5MnZoyW5J2WBztEsFy.mxl,False,,ABRSM=8,exam-lists,Debussy,"La fille aux cheveux de lin (No. 8 from Préludes, Book 1)",,"2 pitched part(s), staves 1+2",False,39,39,117.0,none,3/4,simple,0,-4,0,3,metronome,66,2.29,5.69,3.58,1.0,60|89,51|90,3|4,1|3,2.31|7.66,16th|16th,3|1,2|11,3|1,0|0,1|4,0|12,0|1,0|0,2|1,7|7,0|9,,,0.712,4.937,0,"{'sustain': 0.0, 'sostenuto': 0.0}",0.0|0.0,0,0,1.667|1.333
./mxl/12/15/QmUdVExcBhmih8kpm7zCrQBhLbnAXmtPHnEWy3pPvcNkWu.mxl,False,,PSyllabus:Trinity=4(ps5),exam-lists,Gardel C.,Por una cabeza arr. Farrington,,"2 pitched part(s), staves 1+1",True,69,69,138.0,none,4/8,simple,0,-2,4,0,none,UNKNOWN,,,,,59|86,36|60,2|1,1|2,8.77|13.24,32nd|32nd,0|1,0|40,0|0,1|0,3|1,17|0,0|0,1|5,2|3,16|14,0|0,0.443,1,0.211,5.094,0,"{'sustain': 0.0, 'sostenuto': 0.0}",0.0|0.0,0,0,2.5|2.0
./mxl/12/16/QmUDYpWTgiqpRaT1GF6FE2izqYyDBqVNrxNgYmdtkwJjHJ.mxl,False,,Easy,8notes,Schubert,"German Dance, D.420, No. 2",,"1 pitched part(s), staves 2",True,18,18,48.0,confirmed,3/4,simple,0,3,0,0,metronome,120,2.6,6.28,3.33,1.0,68|81,49|64,1|2,0|0,10.77|1.05,eighth|quarter,0|0,0|0,0|0,3|0,1|3,0|10,0|0,0|0,2|3,12|18,0|4,0.6,0,0.35,4.015,0,"{'sustain': 0.0, 'sostenuto': 0.0}",0.0|0.0,0,2,1.167|2.333
./mxl/12/17/QmUe1wyPu65HWLn7PfGr52jQP1ovLveVQQTRcG7jxsDGmp.mxl,False,,ANZCA Modern=3; ANZCA Modern=7,exam-lists,,Let It Go,,"2 pitched part(s), staves 2+2",False,50,50,200.0,none,4/4,simple,0,0,0,4,sound tempo,UNKNOWN,3.66,8.79,4.8,0.93,55|79,61|93,0|2,2|2,10.26|14.58,eighth|16th,1|1,0|0,0|0,0|0,3|2,12|8,0|0,0|0,6|4,64|7,0|0,,,0.107,4.672,0,"{'sustain': 0.0, 'sostenuto': 0.0}",0.0|0.0,0,0,1.5|0.0
./mxl/12/18/QmUEcz2AnA4Ls7pGd9gYu8fPYfk9QRgB5hvFj1zBhLWQL3.mxl,False,,PSyllabus:AGME=7(ps7); PSyllabus:AMEB=8(ps7); PSyllabus:ANZCA=7(ps7); PSyllabus:Piano St=6(ps7),exam-lists,Grieg E.,Album Leaf - op 47 no 2 F major,,"1 pitched part(s), staves 2",True,126,126,378.0,none,6/8,compound,0,-1,0,8,metronome,UNKNOWN,4.92,8.7,9.99,0.619,57|96,36|70,5|4,2|3,15.85|14.29,16th|eighth,0|0,0|0,0|0,0|10,4|4,24|16,13|4,10|26,2|2,22|10,75|44,0.159,0,0.348,5.179,0,"{'sustain': 0.7302, 'sostenuto': 0.0}",0.0|0.0,0,1,2.667|1.0
./mxl/12/19/QmUfTS6K5Js8oBzGHXSD3f8QqxKq2q7yJH5zxG5FzhiHEe.mxl,False,,Intermediate,8notes,Mozart,"Minuet in F major, K.5",,"1 pitched part(s), staves 2",True,22,22,66.0,none,3/4,simple,0,-1,0,0,metronome,120,5.45,6.24,8.0,1.0,60|82,36|64,1|2,1|2,5.59|3.17,16th|eighth,0|0,0|0,21|0,1|0,1|1,0|0,0|0,0|4,2|1,9|12,0|0,0.144,0,0.073,4.279,0,"{'sustain': 0.0, 'sostenuto': 0.0}",0.0|0.0,0,1,2.667|1.0
./mxl/12/2/QmU3n5oSFgbxPHLaqH83zdqWhsxdRuttHFExiwFasiagaN.mxl,False,,Advanced,8notes,Liszt,"Apparitions, S.155",,"1 pitched part(s), staves 2",True,98,98,289.508,none,6/8,compound,0,0,1,16,metronome,UNKNOWN,5.11,10.71,13.43,0.917,49|101,33|95,6|5,2|3,22.54|9.74,64th|64th,0|0,0|0,15|6,24|3,3|4,16|16,2|7,9|19,10|10,50|21,42|22,0.401,5,0.274,5.467,9,"{'sustain': 0.4694, 'sostenuto': 0.0}",0.0|0.0,0,0,2.833|2.667
./mxl/12/21/QmUgYFhqprnmF5QujhEqcA8zPnePUdujuJV8CwvD4c95MB.mxl,False,,PSyllabus:ABRSM=9(ps9); PSyllabus:AMEB=8(ps9); PSyllabus:GCSE=9(ps9); PSyllabus:Piano St=9(ps9); PSyllabus:SCSM=8(ps9),exam-lists,Brahms J.,Intermezzo in A minor Op 116 No 2,,"1 pitched part(s), staves 2",True,85,85,207.0,none,3/4 3/8 3/4,simple,2,0,0,15,metronome,60,1.83,3.73,3.33,1.0,52|93,26|74,4|2,2|5,15.13|11.72,16th|eighth,0|2,1|0,0|55,2|0,4|2,12|12,12|3,2|4,4|3,67|72,45|50,0.401,1,0.159,5.08,0,"{'sustain': 0.7647, 'sostenuto': 0.0}",0.0|0.0,0,0,2.667|2.333
./mxl/12/26/QmUjQcdggQtHbN2TzoDSX3B367Vi9zUSfn5hAvbWkR9H8B.mxl,False,,Trinity=8,exam-lists,Lili Boulanger,D'un vieux jardin (no. 1 from Trois morceaux pour piano),,"1 pitched part(s), staves 2",True,51,51,151.0,confirmed,3/4,simple,0,4,0,8,metronome,UNKNOWN,1.98,5.07,2.81,0.911,49|93,25|70,4|3,2|5,52.41|61.24,16th|16th,0|0,0|1,1|1,0|10,6|5,14|26,35|24,5|20,2|4,12|16,40|19,0.385,0,0.414,5.463,0,"{'sustain': 0.1373, 'sostenuto': 0.0}",0.0|0.0,0,0,2.0|1.667
./mxl/12/28/QmUkCd5kX3tLNtrCNzmMgNSLJ7GGFsjfGbMBsNgq7612ox.mxl,False,,PSyllabus:ABRSM=10(ps10); PSyllabus:AGME=10(ps10); PSyllabus:AMEB=11(ps10); PSyllabus:LCM=11(ps10); PSyllabus:NZMEB=10(ps10); PSyllabus:Piano St=9(ps10); PSyllabus:RCM=12(ps10),exam-lists,Chopin F.,Ballade No 4 in F minor Op 52,,"1 pitched part(s), staves 2",True,242,242,726.006,none,6/8,compound,0,-4,0,130,metronome,UNKNOWN,4.07,9.01,11.74,0.998,48|101,24|85,5|4,3|5,22.66|20.42,64th|32nd,0|0,0|0,252|256,17|4,5|4,17|16,77|240,42|243,10|4,150|228,89|35,0.477,0,0.498,5.557,7,"{'sustain': 0.8347, 'sostenuto': 0.0}",0.0|0.0,0,0,4.667|4.0
./mxl/12/28/QmUkD6wP1EPZxe1mpMMgQeTVsMi427XzpC1EmKQp828Dpn.mxl,False,,PSyllabus:AGME=8(ps10); PSyllabus:AMEB=10(ps10); PSyllabus:ANZCA=8(ps10); PSyllabus:NZMEB=9(ps10); PSyllabus:Piano St=8(ps10),exam-lists,Chopin F.,Etude in F minor No 2 from Etudes Op 25CT 27,,"1 pitched part(s), staves 2",True,94,94,373.0,confirmed,4/4,simple,0,-4,0,8,metronome,UNKNOWN,10.48,20.99,14.0,0.997,53|104,29|70,8|4,3|4,17.58|10.6,eighth|eighth,0|0,0|0,352|167,0|1,4|4,12|12,235|90,3|173,2|1,823|176,0|0,0.481,0,0.447,5.164,0,"{'sustain': 0.2872, 'sostenuto': 0.0}",0.0|0.0,0,0,4.0|1.5
./mxl/12/28/QmUkagEb3mJWASbpfehGiouwogp2zz6t6jDRCA3m5qnfdq.mxl,False,,PSyllabus:AMEB=11(ps10); PSyllabus:Piano St=8(ps10),exam-lists,Chopin F.,Mazurka in Db major Op 30 No 3 CT 70,,"1 pitched part(s), staves 2",True,95,95,285.0,none,3/4,simple,0,-5,0,0,metronome,UNKNOWN,2.82,7.7,4.23,0.589,53|84,25|65,2|2,3|5,20.92|12.92,16th|16th,13|0,6|0,5|0,8|0,2|4,9|14,0|7,1|51,7|4,11|48,15|13,0.54,0,0.577,5.209,0,"{'sustain': 0.6211, 'sostenuto': 0.0}",0.0|0.0,0,1,2.0|1.333
./mxl/12/30/QmUL5FoZ2Zg4oU4EyzEuMA141jEmeDt3unxLUQLaSxuker.mxl,False,,ANZCA Modern=6,exam-lists,,Black and White Rag,,"2 pitched part(s), staves 1+1",True,133,133,266.0,none,2/4,simple,0,4,0,15,metronome,111,6.35,13.21,7.4,1.0,43|96,31|79,5|2,1|3,30.33|40.7,32nd|32nd,0|0,1|0,1|1,0|0,3|3,12|12,0|150,15|27,5|1,37|48,10|0,0.425,0,0.181,5.14,0,"{'sustain': 0.0, 'sostenuto': 0.0}",0.0|0.0,0,0,4.0|4.0
./mxl/12/30/QmULjRwQATKqBtn4TVhMChfzMQihrRUe3bV26ZiRpVn7TE.mxl,False,,ANZCA Modern=3; ANZCA Modern=7; ANZCA Modern=8,exam-lists,,Over the Rainbow,,"2 pitched part(s), staves 2+1",False,34,34,136.0,none,4/4,simple,0,0,0,0,sound tempo,180,2.16,4.5,2.81,1.0,72|79,64|71,0|0,1|0,13.33|5.41,quarter|quarter,0|0,0|0,0|0,0|0,2|2,4|4,0|0,0|0,1|2,2|3,0|0,,,0.123,4.695,2,"{'sustain': 1.0, 'sostenuto': 0.0}",0.2222|0.2571,0,0,0.25|0.25
./mxl/12/31/QmUmv3WU3DWjbc28shFzi6RvheRGRfnXffmn3kmP4xaRA8.mxl,False,,Advanced,8notes,Beethoven,Diabelli Variations Op. 120 Variations 11-22,,"1 pitched part(s), staves 2",True,429,418,1286.5,confirmed,3/4 4/4 3/4 4/4 3/4,simple,4,0,2,46,sound tempo,240,4.12,9.32,10.0,1.0,33|96,24|79,5|3,3|5,15.45|17.35,16th|16th,12|23,13|0,72|0,70|67,4|3,16|16,13|325,36|57,11|15,87|42,60|51,0.366,44,0.165,5.527,4,"{'sustain': 0.0, 'sostenuto': 0.0}",0.0|0.0,0,18,2.333|1.5
./mxl/12/32/QmUM6KmupxpxrQbDtz8DTYF8XArV438ioFRZr6R18vssbj.mxl,False,,unit 4,faber-adult-allinone-pieces,J. Pierpont,Jingle Bells,,"1 pitched part(s), staves 2",True,67,67,268.0,none,4/4,simple,0,1,0,1,metronome,210,3.59,8.57,4.16,1.0,55|91,35|79,4|1,2|2,0.4|0.49,eighth|quarter,4|0,0|0,1|0,4|0,2|4,12|10,53|0,0|7,7|4,12|200,0|16,0.662,0,0.043,4.163,0,"{'sustain': 0.0, 'sostenuto': 0.0}",0.0|0.0,0,0,1.0|1.5
./mxl/12/32/QmUMigT6mP1oyQrbsnkHXGZ6QayCCGFdBpMYvAdJ8uc9ZS.mxl,False,,Easy,8notes,Holden,All Hail the Power of Jesus' Name,,"2 pitched part(s), staves 1+1",True,15,15,56.0,confirmed,4/4,simple,0,-1,0,0,metronome,115,1.75,6.43,2.16,1.0,57|74,41|60,0|1,2|0,1.05|0.0,eighth|eighth,1|1,0|0,0|0,0|0,2|2,12|16,1|2,0|0,4|3,13|13,6|4,0.941,0,0.069,3.835,0,"{'sustain': 0.0, 'sostenuto': 0.0}",0.0|0.0,0,0,2.0|2.0
./mxl/12/33/QmUnKz5z8g7DMZZT9uf1U64B3PomN5qJ1DbrboqxXPjAm8.mxl,False,,Easy,8notes,Faure,"Cantique de Jean Racine, Op. 11",,"1 pitched part(s), staves 4",False,89,89,356.0,none,4/4 4/4,simple,1,-5,0,0,metronome,120,1.6,4.05,2.5,1.0,58|78,58|71,0|0,1|1,4.31|18.79,eighth|eighth,3|3,0|0,0|0,0|0,1|1,0|0,0|0,0|0,4|5,10|14,0|0,,,0.576,4.551,0,"{'sustain': 0.0, 'sostenuto': 0.0}",0.0|0.0,0,0,0.5|0.25
./mxl/12/34/QmUNJw7pTgLBo4NMqxZgEwcC9waupHgJKSvpPtbwaPFBCq.mxl,False,,unit 16,faber-adult-allinone-pieces,Words by John Newton; Early American melody,Amazing Grace,,"1 pitched part(s), staves 2",True,17,17,42.0,confirmed,3/4,simple,0,-1,0,0,metronome,60,1.43,1.75,1.73,1.0,60|72,41|60,0|1,1|0,0.0|0.0,eighth|eighth,2|0,0|0,0|0,0|0,1|1,0|0,0|0,0|0,2|1,3|2,0|0,0.222,0,0.052,3.406,0,"{'sustain': 0.0, 'sostenuto': 0.0}",0.8286|0.0,9,0,0.667|1.0
./mxl/12/34/QmUNyRgpPQDwo6vXQhQRZEajVWHHfaPubVX9qDg1PJhJce.mxl,False,,PSyllabus:Piano St=8(ps8),exam-lists,Scarlatti D.,Sonata - K 247 C minor,,"1 pitched part(s), staves 2",True,99,99,148.5,none,3/8,simple,0,4,2,10,metronome,UNKNOWN,1.13,2.04,,0.017,54|85,39|78,2|3,3|2,17.27|9.58,64th|16th,0|0,20|82,0|0,28|0,2|3,7|12,0|8,3|5,3|3,46|16,9|38,0.293,0,0.639,4.839,0,"{'sustain': 0.0, 'sostenuto': 0.0}",0.0|0.0,0,2,3.333|3.333
./mxl/12/36/QmUp3SgxNM2ahtjae3LtspeahHjDdeQaqQJNY1BDMWYY4F.mxl,False,,Intermediate,8notes,Handel,Menuet from Water Music,,"1 pitched part(s), staves 2",True,76,76,228.0,none,3/4,simple,0,-2,0,0,sound tempo,110,2.21,4.93,3.21,1.0,58|82,38|65,1|2,1|1,7.45|2.11,16th|eighth,2|0,0|0,0|0,0|0,3|2,12|8,4|0,0|3,4|2,17|70,40|34,0.691,0,0.313,4.477,0,"{'sustain': 0.0, 'sostenuto': 0.0}",0.0|0.0,0,3,1.667|1.0
./mxl/12/36/QmUpiFk3oDTHiQVjvZvDAWEL6mymJSEupBYhNLpA2kebgC.mxl,False,,Intermediate,8notes,Bach,"Prelude, Fugue and Allegro in E-flat major, BWV 998",,"1 pitched part(s), staves 2",True,343,343,988.0,none,12/8 4/4 3/8,compound simple,2,-3,0,0,sound tempo,184,7.41,10.31,10.8,1.0,50|75,32|65,0|2,4|3,8.52|7.14,32nd|16th,0|0,0|8,0|0,0|0,3|3,12|28,8|3,14|188,4|4,107|67,72|106,0.227,1,0.456,4.606,0,"{'sustain': 0.0, 'sostenuto': 0.0}",0.0|0.0,0,0,3.0|1.5
./mxl/12/4/QmU5Dv5TxAi9SEpv5i6yRvB6BShwQ5oo6L3EoDcjFDdRbR.mxl,False,,Intermediate,8notes,Clementi,"6 Piano Sonatinas, Op.36",,"1 pitched part(s), staves 2",True,38,38,152.0,none,4/4,simple,0,0,0,0,sound tempo,176,4.96,6.43,5.87,1.0,55|86,36|65,2|2,2|2,3.08|2.83,eighth|eighth,0|0,0|0,0|0,0|0,2|1,8|0,0|0,0|0,3|1,24|9,0|0,0.276,0,0.039,4.59,0,"{'sustain': 0.0, 'sostenuto': 0.0}",0.0|0.0,0,2,1.375|0.5
./mxl/12/40/QmUr8dRqvboQSfcSdHNRGyN4im9yomq2CgDcDfy6mhwrdd.mxl,False,,PSyllabus:AGME=5(ps6); PSyllabus:AMEB=6(ps6); PSyllabus:ANZCA=7(ps6); PSyllabus:Piano St=6(ps6),exam-lists,Czerny C.,School of Velocity Op 299 No 5,,"1 pitched part(s), staves 2",True,52,52,208.0,none,4/4,simple,0,0,0,8,metronome,80,5.15,7.59,5.33,1.0,60|101,31|79,4|2,1|3,4.26|4.08,16th|16th,4|0,0|0,0|0,0|0,4|4,12|12,0|11,5|9,2|1,224|136,12|0,0.303,0,0.059,5.274,5,"{'sustain': 0.0, 'sostenuto': 0.0}",0.3551|0.1827,75,0,4.0|1.75
./mxl/12/40/QmUr9XcFgah9Geo3GbotP17i7hCFVFGLouLadeKKyDhbrH.mxl,False,,Intermediate,8notes,Jones,There Is Power in the Blood,,"2 pitched part(s), staves 1+1",True,17,17,64.0,none,4/4,simple,0,-2,0,0,metronome,105,2.19,7.82,2.56,1.0,60|75,45|62,0|1,1|0,2.16|0.68,16th|16th,3|3,7|7,0|0,0|0,2|3,10|17,0|27,0|0,6|8,4|4,1|3,0.787,0,0.455,3.706,0,"{'sustain': 0.0, 'sostenuto': 0.0}",0.0|0.0,0,0,2.5|2.5
./mxl/12/40/QmUrL8yVPcMX1eYSkgfvrZ8sUgxwFZaPXrh77X6txfgP73.mxl,False,,level Level 2B,beginner-methods,,I've Got Peace Like a River,,"2 pitched part(s), staves 1+1",True,17,17,66.0,none,4/4 2/4,simple,1,1,0,0,metronome,100,1.24,4.92,1.46,1.0,59|71,43|55,0|0,1|0,2.94|2.0,eighth|eighth,6|6,0|0,0|0,0|0,3|2,10|12,0|8,0|0,3|3,2|2,2|1,1.0,0,0.092,3.854,0,"{'sustain': 0.0, 'sostenuto': 0.0}",0.0|0.0,0,0,1.5|1.5
./mxl/12/41/QmURLW9jiCtt9RNU6tycsK4jFXJm8RMamp5uW4tGafNd6U.mxl,False,,Intermediate,8notes,Rimsky-Korsakov,"6 Fugues, Op.17",,"1 pitched part(s), staves 2",True,44,44,349.0,confirmed,4/2,simple,0,1,0,0,metronome,110.0,2.62,5.2,3.49,1.0,52|83,39|66,1|2,3|1,27.9|27.35,eighth|eighth,0|0,0|0,0|0,0|0,2|3,12|22,8|16,5|11,2|4,16|12,39|38,0.471,0,0.397,4.971,0,"{'sustain': 0.0, 'sostenuto': 0.0}",0.0|0.0,0,0,1.75|1.25
./mxl/12/44/QmUtgJT1X2UUXW5t4MwyuD3zizCXQL6VWCBwNRK5TPAkwo.mxl,False,,PSyllabus:ABRSM=6(ps6),exam-lists,Bach C.P.E.,Solfeggietto in C minor Wq 1172,,"1 pitched part(s), staves 2",True,35,35,140.0,none,4/4,simple,0,-3,0,22,metronome,130,8.08,8.71,8.67,1.0,51|87,35|79,3|2,2|2,10.57|14.77,64th|16th,0|0,0|0,0|0,0|0,1|2,0|12,0|8,2|6,2|2,20|21,0|0,0.015,21,0.293,4.799,0,"{'sustain': 0.9714, 'sostenuto': 0.0}",0.0|0.0,0,0,3.0|1.5
./mxl/12/5/QmU6zYz4vErP49ycNjXDfZp6a7Ys7H78dEoZGQ8zrLQv5S.mxl,False,,PSyllabus:ANZCA=5(ps5),exam-lists,Scriabin A.,Album Leaf Op 45 No 1,,"1 pitched part(s), staves 2",True,27,27,81.0,none,3/4,simple,0,-3,0,6,metronome,UNKNOWN,3.28,5.24,5.7,0.963,62|86,39|73,2|3,0|1,19.76|19.57,eighth|eighth,11|0,0|0,4|7,3|0,3|3,12|14,2|0,1|2,5|2,9|11,21|9,0.257,0,0.435,4.681,0,"{'sustain': 1.0, 'sostenuto': 0.0}",0.0|0.0,0,0,2.0|1.0
./mxl/12/52/QmUxYp3ifduS7euXVyBxYN8bim2sedynmqXnrFNVPcwLsX.mxl,False,,Intermediate,8notes,Norris,Where He Leads me,,"2 pitched part(s), staves 1+1",True,9,9,32.0,confirmed,4/4,simple,0,-1,0,0,metronome,100,1.72,6.88,1.88,1.0,60|74,46|62,0|1,1|0,3.03|0.0,16th|16th,7|7,4|4,0|0,0|0,2|2,9|12,0|4,0|0,2|3,3|2,5|0,1.0,0,0.121,3.453,0,"{'sustain': 0.0, 'sostenuto': 0.0}",0.0|0.0,0,0,2.0|2.0
./mxl/12/54/QmUyYMBMPyXmKTjd836HY8fY7B82mX1jk9CCM8iyHapsax.mxl,False,,PSyllabus:Piano St=9(ps8),exam-lists,Schumann R.,Caprice - op 3 no 5 Eb major,,"1 pitched part(s), staves 2",True,66,66,264.0,none,4/4,simple,0,-3,0,8,sound tempo,70,5.6,8.55,10.67,1.0,55|99,31|68,5|2,2|3,9.24|8.92,16th|eighth,0|0,2|0,0|0,58|10,4|3,20|24,12|6,40|15,4|4,112|11,30|4,0.273,4,0.531,4.929,6,"{'sustain': 0.1364, 'sostenuto': 0.0}",0.0|0.0,0,3,2.5|1.0
./mxl/12/55/QmUY5NA2JtWYvHtzhAY6XXEVms9mAwXmv843PKeRsgP6Lg.mxl,False,,RCM=PrepA,exam-lists,,Wake Up!,,"2 pitched part(s), staves 1+1",True,54,54,162.0,none,3/4,simple,0,0,0,0,metronome,120,3.9,5.33,4.0,1.0,67|84,47|64,2|2,0|0,0.0|0.0,eighth|eighth,0|0,0|0,0|0,0|0,1|1,0|0,0|0,0|0,1|2,312|7,0|0,0.367,0,0.0,3.32,0,"{'sustain': 0.0, 'sostenuto': 0.0}",0.0|0.0,0,1,2.0|1.0
./mxl/12/57/QmUZSdMpnmadMnkRaiLVxQAwyMbvu5SFsT2vXpx6zjYJu1.mxl,False,,PSyllabus:AGME=4(ps4),exam-lists,Lemoine H.,Op 37 No 28,,"1 pitched part(s), staves 2",True,48,48,144.0,none,6/8,compound,0,0,0,0,metronome,195,6.18,22.28,6.5,1.0,64|88,43|65,3|2,0|0,1.18|1.73,eighth|eighth,0|0,0|0,0|0,0|0,3|3,10|10,0|0,1|0,6|3,49|42,0|0,0.266,0,0.042,4.371,0,"{'sustain': 0.0, 'sostenuto': 0.0}",0.3558|0.4444,0,0,6.0|2.0
./mxl/12/8/QmU9SDE1zj64UvBxWuhxmoRyZEJvRUykLjmMy1vFutv8va.mxl,False,,PSyllabus:AGME=4(ps6); PSyllabus:Piano St=6(ps6),exam-lists,Czerny C.,School of Velocity Op 299 No 2,,"1 pitched part(s), staves 2",True,21,21,84.0,none,4/4,simple,0,0,0,2,none,UNKNOWN,,,,,62|100,31|79,3|3,0|3,2.1|0.76,16th|16th,0|0,0|0,0|0,0|0,4|4,12|12,1|1,0|0,4|1,31|79,0|0,0.145,1,0.015,5.04,1,"{'sustain': 0.0, 'sostenuto': 0.0}",0.0|0.0,0,0,1.5|3.75
./mxl/12/9/QmUaMYfUz6j7Nm7kVkfTk783ZzZpMn5mfHuaPDuUsGEwXk.mxl,False,,PSyllabus:AGME=5(ps5),exam-lists,Bertini H.,Studies Op 29 No 4,,"1 pitched part(s), staves 2",True,35,35,70.0,none,2/4,simple,0,-2,0,0,sound tempo,55,3.5,6.31,3.67,1.0,62|77,34|60,0|1,0|2,7.2|1.9,16th|16th,5|1,0|0,0|0,0|4,2|2,12|12,3|4,0|5,3|2,124|10,35|6,0.311,0,0.344,3.946,0,"{'sustain': 0.0, 'sostenuto': 0.0}",0.0|0.0,0,1,6.0|1.5
./mxl/13/10/QmVAXNW2BeVGDSvfLyEeSJNWV2WnyJRTzPAVMb5myBZhtA.mxl,False,,PSyllabus:AGME=6(ps5); PSyllabus:AMEB=5(ps5); PSyllabus:ANZCA=6(ps5); PSyllabus:NZMEB=5(ps5); PSyllabus:Piano St=5(ps5); PSyllabus:RCM=8(ps5); RCM=8,exam-lists,"Bach, Johann Sebastian","Invention No. 2 in C Minor, BWV 773",,"1 pitched part(s), staves 2",True,27,27,108.0,none,4/4,simple,0,-3,0,4,sound tempo,72,5.2,7.89,5.92,1.0,60|84,36|72,2|2,1|3,5.82|5.63,32nd|32nd,0|0,5|0,0|0,0|0,1|1,0|0,0|0,0|1,2|2,43|43,0|0,0.517,0,0.332,4.651,0,"{'sustain': 0.0, 'sostenuto': 0.0}",0.0|0.0,0,0,3.5|3.5
./mxl/13/15/QmVdSgAbAUJqSPaZPcQ7PETkZ8oaERCWfwpaxhtCNhnhYx.mxl,False,,Easy,8notes,Grieg,In the Hall of the Mountain King (Peer Gynt),,"1 pitched part(s), staves 2",True,17,17,68.0,none,4/4,simple,0,0,0,0,metronome,160,2.35,4.67,2.67,1.0,64|81,45|57,1|0,0|0,7.27|7.81,eighth|eighth,0|0,0|0,0|0,0|0,3|2,8|12,0|1,0|0,1|2,12|30,0|0,0.7,0,0.118,3.959,0,"{'sustain': 0.0, 'sostenuto': 0.0}",0.0|0.0,0,1,0.75|0.75
./mxl/13/15/QmVdTMNyYdTqLsjGCHepLaoMBJ9h8FUJQxjsUUtHJjAgVU.mxl,False,,ANZCA Modern=8,exam-lists,,The House of the Rising Sun,,"1 pitched part(s), staves 2",True,17,17,102.0,none,12/8,compound,0,0,0,0,metronome,UNKNOWN,4.12,4.78,4.49,0.995,52|66,26|50,0|1,0|1,11.92|0.0,16th|half,0|0,0|0,0|0,0|0,3|2,6|12,0|32,0|0,1|2,4|32,0|0,0.005,0,0.094,4.023,0,"{'sustain': 0.0, 'sostenuto': 0.0}",0.0|0.0,30,1,2.0|0.667
./mxl/13/16/QmVDi754bgi3RZhZ8yaMJMgCgdk18vcQSrKBpj3GfdbrTy.mxl,False,,PSyllabus:Piano St=9(ps10),exam-lists,Schumann R.,Caprice - op 3 no 3 C major,,"1 pitched part(s), staves 2",True,29,29,86.0,none,3/4,simple,0,0,0,5,sound tempo,60,1.98,4.98,3.17,1.0,60|89,38|72,3|4,1|2,18.11|23.56,16th|eighth,0|3,0|0,2|0,36|0,4|4,12|16,12|4,4|2,3|5,11|9,19|24,0.559,0,0.194,4.84,0,"{'sustain': 0.1379, 'sostenuto': 0.0}",0.0|0.0,0,0,2.667|2.333
./mxl/13/2/QmV3AkPAaYWFmn1bMEGwWoDLgKdGTWNN9CnyHSSFjkhRiA.mxl,False,,Intermediate,8notes,Black,When the Roll Is Called Up Yonder,,"2 pitched part(s), staves 1+1",True,17,17,64.0,candidate,4/4,simple,0,-4,0,0,metronome,105,2.79,9.82,3.37,1.0,60|75,44|63,0|2,1|0,0.56|0.0,16th|16th,0|0,38|42,0|0,0|0,2|2,9|12,0|38,0|0,6|11,1|1,0|1,0.765,0,0.794,3.673,0,"{'sustain': 0.0, 'sostenuto': 0.0}",0.0|0.0,0,0,2.5|3.5
./mxl/13/21/QmVgS9cYzFWrEHrvGnKFqmg7rd9mfCpX3LgkP6LtqxWSbR.mxl,False,,Intermediate,8notes,,Away in a Manger,,"1 pitched part(s), staves 2",True,17,17,49.0,confirmed,3/4,simple,0,-1,0,0,none,UNKNOWN,,,,,57|72,41|62,0|1,2|0,0.0|0.0,eighth|eighth,8|8,0|0,0|0,0|0,2|2,9|12,0|8,0|0,7|11,7|7,17|17,1.0,0,0.148,3.686,0,"{'sustain': 0.0, 'sostenuto': 0.0}",0.0|0.0,0,0,2.0|2.0
./mxl/13/22/QmVGYTQRTV2JYQbYBJfWYE13MTngyJoAr4Hn5Ku7JPtk3J.mxl,False,,ANZCA Modern=3; ANZCA Modern=7,exam-lists,,Let It Go,,"2 pitched part(s), staves 1+1",False,48,48,192.0,none,4/4,simple,0,-4,0,0,"sound tempo (120 only, possible exporter default)",UNKNOWN,,,,,55|89,59|85,2|2,2|1,5.41|6.74,16th|16th,2|2,0|0,0|0,0|0,3|2,9|7,0|0,0|1,16|16,34|34,0|0,,,0.742,3.957,1,"{'sustain': 0.0, 'sostenuto': 0.0}",0.0|0.0,0,1,0.875|0.625
./mxl/13/23/QmVhF7hxQyXaKvaKQYgTfvQdXpMgXhpn6h895qqLdHTfvF.mxl,False,,Advanced,8notes,Ravel,Le Tombeau de Couperin V. Menuet,,"1 pitched part(s), staves 2",True,827,827,2163.0,none,12/16 4/4 6/8 2/4 3/4 2/4,compound simple,5,2,12,252,metronome,138,5.03,10.84,9.6,1.0,38|103,23|91,6|4,4|4,18.68|20.49,32nd|32nd,67|11,4|0,34|16,360|16,7|5,24|16,18|64,157|365,30|10,380|187,306|218,0.35,69,0.305,5.456,12,"{'sustain': 0.0193, 'sostenuto': 0.0}",0.0|0.0,0,10,3.333|2.333
./mxl/13/23/QmVhPU59vZdU9M92Jnt7jsKTS7zwttSJYLRt4tctbGHJKD.mxl,False,,level Level 2B,beginner-methods,,DEEP RIVER,,"2 pitched part(s), staves 1+1",True,20,20,80.0,none,4/4,simple,0,2,0,0,none,UNKNOWN,,,,,56|78,43|64,0|2,2|0,6.21|6.62,16th|16th,3|3,2|2,0|0,0|0,2|2,12|12,2|3,0|0,3|3,5|7,16|11,0.845,0,0.252,4.187,0,"{'sustain': 0.0, 'sostenuto': 0.0}",0.0|0.0,0,0,1.75|1.375
./mxl/13/24/QmVHCi8bHsUw897xZG7FmtJmp2C6vuV2xBHQnuK1XNDqL5.mxl,False,,PSyllabus:AGME=6(ps8); PSyllabus:Piano St=9(ps8),exam-lists,Scriabin A.,Prelude for the Left Hand - op 9 no 1,,"1 pitched part(s), staves 2",True,92,91,303.004,none,3/4 6/8,compound simple,1,4,1,18,sound tempo,60,3.51,5.96,5.83,1.0,50|104,22|104,5|5,4|6,19.32|7.34,32nd|16th,10|5,11|0,11|5,16|13,4|5,19|24,16|68,4|68,6|5,28|24,31|21,0.072,7,0.584,5.32,7,"{'sustain': 0.0, 'sostenuto': 0.0}",0.0|0.0,0,0,3.333|2.875
./mxl/13/24/QmVHUd6BTGULkMtqLqby7oXHsTfn7zfvnfL6x8sv6mQ4FS.mxl,False,,chapter 10,pianofordummies-candidates,,Joy to the World (in C minor),,"1 pitched part(s), staves 2",True,73,73,145.0,none,2/4,simple,0,2,0,0,metronome,72,1.82,6.52,3.98,1.0,54|90,26|69,3|3,3|5,0.0|0.0,32nd|32nd,6|3,4|3,0|0,0|0,6|4,21|12,7|64,5|25,6|5,16|16,24|26,0.765,0,0.248,4.497,1,"{'sustain': 0.5342, 'sostenuto': 0.0}",0.0|0.0,0,0,3.0|2.0
./mxl/13/27/QmVJhKEJ7eio1MEPaWiZ6ztGgnPs21NsiRkm1YffHawfHU.mxl,False,,B.7,rung-suggestions,,Lavender's Blue,,"1 pitched part(s), staves 2",True,20,20,60.0,none,3/4,simple,0,0,0,0,none,UNKNOWN,,,,,60|81,41|67,1|3,1|0,1.09|3.03,eighth|eighth,0|0,0|0,0|0,0|0,3|3,8|12,0|0,0|4,3|1,40|10,0|0,0.376,0,0.019,4.272,0,"{'sustain': 0.05, 'sostenuto': 0.0}",0.0|0.0,0,1,1.833|1.0
./mxl/13/28/QmVk7Me2CRhrct17L4D8SiMBaHdpL2jYxCVaJJpTQDnVxj.mxl,False,,PSyllabus:AGME=9(ps7),exam-lists,Rodriguez G.,La Cumparsita (G Minor),,"1 pitched part(s), staves 2",True,63,63,126.0,none,2/4,simple,0,-2,0,0,metronome,48,3.2,6.24,6.4,1.0,54|87,31|62,3|1,3|3,10.68|14.17,32nd|32nd,0|0,10|10,0|0,6|2,4|3,12|12,26|2,10|2,2|2,223|55,3|0,0.31,0,0.317,4.759,0,"{'sustain': 0.0, 'sostenuto': 0.0}",0.0|0.0,0,0,5.5|2.0
./mxl/13/28/QmVkWV8DMxrNwYb94NAczQsrKxCpynQuD9xq8SdxdTPCUE.mxl,False,,unit 6,faber-adult-allinone-pieces,,Happy Birthday,,"1 pitched part(s), staves 2",True,23,23,68.0,confirmed,3/4,simple,0,0,0,0,none,UNKNOWN,,,,,67|79,47|64,0|2,0|0,0.0|1.56,eighth|quarter,0|0,0|0,0|0,0|0,1|3,0|7,0|0,0|1,2|1,5|60,0|0,0.736,0,0.008,3.948,0,"{'sustain': 0.0, 'sostenuto': 0.0}",0.0|0.0,0,0,1.0|1.0
./mxl/13/28/QmVksrwa8dvy8BbpLvoEDkxZ5KE5y4KVa5URqrogUztTXt.mxl,False,,PSyllabus:PS=6(ps6),exam-lists,Tchaikovsky P.,Dance of the Sugar Plum Fairy Op 71,,"1 pitched part(s), staves 2",True,52,52,104.0,none,2/4,simple,0,1,0,12,metronome,UNKNOWN,6.53,12.97,15.14,0.389,54|103,35|91,5|3,2|3,19.61|19.65,64th|64th,0|0,0|0,18|2,0|0,4|4,12|12,4|16,13|19,3|2,36|32,6|2,0.275,10,0.346,5.499,2,"{'sustain': 0.0385, 'sostenuto': 0.0}",0.0131|0.1349,0,0,5.0|4.0
./mxl/13/29/QmVK44qaWeSLL9wmB2PCaiCqK635N6LLRFCGZQGmWAatSG.mxl,False,,Easy,8notes,,From Heaven Above to Earth I Come,,"1 pitched part(s), staves 2",True,9,9,24.0,none,3/4 5/8 1/8 3/4,UNKNOWN simple,3,3,0,0,metronome,76,1.79,6.6,2.0,1.0,58|76,45|64,0|2,2|0,2.13|0.0,16th|16th,3|3,5|5,0|0,0|0,2|3,12|12,1|0,1|0,2|3,4|4,1|1,0.941,0,0.28,3.719,0,"{'sustain': 0.0, 'sostenuto': 0.0}",0.0|0.0,0,0,1.667|3.6
./mxl/13/32/QmVM8sy9fma66nHKmyjHLAxQqF8mguPVoqTvUsXYxyfcKQ.mxl,False,,Trinity=7,exam-lists,Nobuo Uematsu,To Zanarkand (from Final Fantasy X),,"1 pitched part(s), staves 2",True,82,81,246.0,none,3/4,simple,0,1,0,1,metronome,90,2.41,4.22,5.91,1.0,62|91,28|79,4|4,0|4,5.56|5.52,64th|32nd,18|2,0|1,1|2,0|0,4|3,12|16,8|12,0|30,4|2,6|72,7|2,0.328,0,0.164,5.085,0,"{'sustain': 1.0, 'sostenuto': 0.0}",0.0|0.0,0,0,1.667|1.667
./mxl/13/41/QmVRRhVe1JxmJxxFzQCzFh8NGxQ88c9KXyjrSPneCVdVS5.mxl,False,,Advanced,8notes,Ravel,"Le jardin feerique, No. 5 from Ma Mere l'Oye",,"2 pitched part(s), staves 2+2",False,55,55,165.044,none,3/4,simple,0,0,0,8,metronome,56,2.19,6.21,11.36,1.0,59|105,48|103,4|10,1|0,6.45|9.09,64th|eighth,19|9,0|0,18|0,4|2,5|4,12|12,0|2,6|0,2|2,14|19,4|0,,,0.091,5.448,21,"{'sustain': 0.0364, 'sostenuto': 0.0}",0.0|0.0,0,0,1.333|1.0
./mxl/13/41/QmVRS9xFTgLyVgV8UsfzUu3288cSpevbPVmhYPWG1mYDnp.mxl,False,,Intermediate,8notes,Schubert,"18 German Dances and Ecossaises, D.783",,"1 pitched part(s), staves 2",True,32,32,64.0,none,2/4,simple,0,2,0,8,metronome,132,3.06,8.56,4.4,1.0,57|86,31|69,2|3,2|3,3.5|9.82,eighth|eighth,0|0,0|0,0|0,0|0,3|3,12|12,3|10,0|1,2|1,12|32,8|0,0.663,0,0.297,4.64,0,"{'sustain': 0.625, 'sostenuto': 0.0}",0.0723|0.0,0,4,2.25|2.0
./mxl/13/43/QmVSikuhj8U8Bz88hSuShdraTpzzJW6qnm9C26qZCF4oUP.mxl,False,,PSyllabus:AMEB=2(ps2),exam-lists,Saban H. and Levy S.,Inspector Gadget main theme arr. Faber,,"1 pitched part(s), staves 2",True,29,29,118.5,none,4/4,simple,0,0,0,3,none,UNKNOWN,,,,,36|93,21|55,2|0,3|6,18.56|19.09,32nd|32nd,1|1,2|1,0|0,0|0,3|2,12|12,49|79,9|4,2|2,10|8,5|9,0.429,0,0.187,5.494,0,"{'sustain': 0.0, 'sostenuto': 0.0}",0.0|0.0,0,0,2.5|2.0
./mxl/13/45/QmVTjHqYbLYhNx51GWA3UpsFjpUheTHKiSMUPMwtPrEebx.mxl,False,,ANZCA Modern=1; RCM=PrepA,exam-lists,,Morning Has Broken,,"1 pitched part(s), staves 2",True,9,9,81.0,none,9/4,compound,0,0,0,0,sound tempo,126,1.35,3.45,1.63,1.0,55|74,41|60,0|1,2|0,0.0|3.08,eighth|quarter,0|0,0|0,0|0,0|0,2|2,9|12,0|4,0|0,3|2,5|6,8|9,0.635,0,0.008,3.928,0,"{'sustain': 0.0, 'sostenuto': 0.0}",0.0|0.0,0,0,1.0|0.778
./mxl/13/46/QmVuJLUUcwV2iHaGU9CFAuduXo9k1NQPQQeHK9LMgfERFq.mxl,False,,PSyllabus:ABRSM=7(ps6); PSyllabus:AMEB=6(ps6); PSyllabus:ANZCA=5(ps6); PSyllabus:GCSE=6(ps6); PSyllabus:NZMEB=6(ps6); PSyllabus:Piano St=6(ps6); PSyllabus:RCM=8(ps6); RCM=8,exam-lists,"Chopin, Frédéric","Mazurka in A Minor, op. 7, no. 2",,"1 pitched part(s), staves 2",True,70,64,205.0,none,3/4,simple,0,3,2,0,"sound tempo (120 only, possible exporter default)",UNKNOWN,,,,,61|90,38|67,3|3,1|1,19.11|9.01,16th|16th,4|0,10|3,16|3,0|8,3|4,12|12,6|3,3|15,18|9,29|25,24|14,0.516,0,0.254,4.725,0,"{'sustain': 0.0, 'sostenuto': 0.0}",0.1213|0.0314,0,2,1.667|2.0
./mxl/13/46/QmVuXjx3jktEh52D5nja24GcpkNPHS5nNHyUNbFhC5vb2t.mxl,False,,PSyllabus:LCM=5(ps5),exam-lists,Williams J.,Schindlers List (Theme),,"1 pitched part(s), staves 2",True,39,39,153.0,candidate,4/4,simple,0,-1,0,0,metronome,80,2.79,6.08,4.92,1.0,53|86,26|72,2|4,3|5,8.64|2.99,16th|16th,1|2,7|0,0|0,0|0,4|4,12|16,0|3,10|32,2|5,34|29,16|29,0.472,0,0.113,4.825,0,"{'sustain': 0.0769, 'sostenuto': 0.0}",0.0|0.0,0,0,2.5|2.5
./mxl/13/47/QmVUz4W1ofyonZTGGYKedzo71ohQbkwMQkmzuvmikLeWLw.mxl,False,,Intermediate,8notes,,"God Rest You Merry, Gentlemen",,"1 pitched part(s), staves 2",True,21,21,84.0,none,4/4,simple,0,1,0,0,metronome,120,1.69,2.88,2.12,1.0,62|76,47|57,0|0,0|0,0.0|15.09,eighth|eighth,0|0,0|0,0|0,0|0,2|2,7|4,0|0,0|0,2|5,13|4,0|0,0.479,0,0.223,3.875,0,"{'sustain': 0.0, 'sostenuto': 0.0}",0.0|0.0,0,0,1.0|0.5
./mxl/13/49/QmVVZQsjBHyzG3c8ghfMMGm1Kpu16wB37qtUKv6BwKBa2U.mxl,False,,Intermediate,8notes,Matthews,Thou Didst Leave Thy Throne,,"2 pitched part(s), staves 1+1",True,14,14,48.5,confirmed,4/4,simple,0,2,0,0,metronome,110.0,2.19,8.54,2.68,1.0,59|74,42|62,0|1,1|0,2.68|5.26,eighth|eighth,0|0,0|0,0|0,0|0,2|2,12|16,1|11,0|0,4|3,3|3,6|1,0.983,0,0.27,4.138,0,"{'sustain': 0.0, 'sostenuto': 0.0}",0.0|0.0,0,0,2.5|2.5
./mxl/13/49/QmVVc5wodpt4UVgjBaPFzGRKgZ71SRh5XY1oz6sdKSkgL3.mxl,False,,ANZCA Modern=4,exam-lists,,If Only...,,"2 pitched part(s), staves 1+2",False,40,40,160.0,none,4/4,simple,0,1,0,0,none,UNKNOWN,,,,,59|76,59|74,0|0,1|1,0.62|1.61,16th|16th,3|0,0|0,0|0,0|0,1|1,0|0,0|0,0|0,12|12,6|4,0|0,,,0.116,3.708,0,"{'sustain': 0.0, 'sostenuto': 0.0}",0.0|0.0,0,1,1.25|1.5
./mxl/13/51/QmVW49UyiaK7vtbv3pS3ENj9zxQaariqcv43xbXToz5LWE.mxl,False,,Advanced,8notes,W.H. Krell,Mississippi Rag (Two-step),,"1 pitched part(s), staves 2",True,129,129,258.0,none,2/4,simple,0,-1,2,0,sound tempo,80,2.82,9.71,3.83,1.0,53|91,29|67,4|3,3|4,2.35|1.71,16th|16th,0|0,1|1,2|0,0|0,4|4,12|12,36|187,4|127,8|3,50|61,25|0,0.625,2,0.201,4.979,0,"{'sustain': 0.0, 'sostenuto': 0.0}",0.0|0.0,0,7,3.5|4.0
./mxl/13/51/QmVWUefyKkQD8m6hZApjRweJcAiMQLRpCjQh9JGCzXDEtz.mxl,False,,level Lesson Book 1,beginner-methods,,"GO DOWN, MOSES.",,"2 pitched part(s), staves 1+1",True,18,18,64.0,confirmed,4/4,simple,0,3,0,0,none,UNKNOWN,,,,,59|73,42|61,0|1,1|0,5.88|0.0,eighth|eighth,1|1,0|0,0|0,0|0,2|2,10|15,0|6,0|0,4|2,5|4,10|3,0.75,0,0.609,3.639,0,"{'sustain': 0.0, 'sostenuto': 0.0}",0.0|0.0,0,0,1.25|1.0
./mxl/13/55/QmVYp6q8CopcwTKfGLTiT9Fawa8wAtDqeiQtcb9gCRQk8Y.mxl,False,,Beginner,8notes,,The Wheels on the Bus,,"1 pitched part(s), staves 2",True,16,16,31.0,confirmed,2/4,simple,0,0,0,0,none,UNKNOWN,,,,,60|72,45|60,0|1,1|0,0.0|0.0,eighth|quarter,0|0,0|0,0|0,0|0,1|1,0|0,0|0,0|0,4|3,5|7,0|0,0.593,0,0.0,3.21,0,"{'sustain': 0.0, 'sostenuto': 0.0}",0.0|0.0,0,1,1.0|0.5
./mxl/13/7/QmV8CHxe9M9mTTGPX66JuP7aAjfzG7A6xJeUdDvYb9cuU1.mxl,False,,Intermediate,8notes,Charles H. Gabriel,Since Jesus Came into My Heart,,"2 pitched part(s), staves 1+1",True,18,18,64.0,confirmed,4/4,simple,0,3,0,0,metronome,102,2.28,8.53,2.66,1.0,57|76,45|62,0|1,2|0,1.23|0.62,eighth|eighth,2|2,0|0,0|0,0|0,2|2,10|12,0|34,0|0,5|5,5|4,6|4,0.953,0,0.227,3.784,0,"{'sustain': 0.0, 'sostenuto': 0.0}",0.0|0.0,0,0,2.75|2.5
./mxl/13/8/QmV9GqqMQs9wcbpmLpxuqx73vZc1vUMnUCXBABqv4rL6B5.mxl,False,,Intermediate,8notes,Smart,Through all the changing scenes of life (Wiltshire),,"2 pitched part(s), staves 1+1",True,16,16,42.0,confirmed,3/4,simple,0,1,0,0,none,UNKNOWN,,,,,57|72,42|62,0|1,2|0,0.0|0.0,eighth|eighth,1|1,0|0,0|0,0|0,2|2,12|16,1|6,0|1,3|4,18|18,10|12,0.872,0,0.087,3.893,0,"{'sustain': 0.0, 'sostenuto': 0.0}",0.0|0.0,0,0,2.0|1.667
./mxl/13/9/QmVa3v1f1ZmoqjiAveiLbTUv5NZAS4D3ibaMudNwcL5oWT.mxl,False,,PSyllabus:GCSE=4(ps4),exam-lists,John E.,Can you feel the love tonight arr. Kember,,"1 pitched part(s), staves 2",True,36,36,144.0,none,4/4,simple,0,-3,0,0,metronome,65,1.87,3.01,2.3,1.0,53|70,36|60,0|1,3|2,0.0|0.0,16th|eighth,1|1,0|0,0|0,0|0,3|2,9|10,0|0,0|13,2|2,9|20,0|0,0.414,0,0.547,4.086,0,"{'sustain': 0.0, 'sostenuto': 0.0}",0.0|0.0,0,1,1.5|1.5
./mxl/13/9/QmVa7hSTAHsWrbxQ5iTo1Xr3gJw6RgRNWHXSdVfS5fjgHt.mxl,False,,PSyllabus:Piano St=9(ps10),exam-lists,Schubert F.,Erlkonig - solo piano version - op 1 G minor D328 arr. Liszt,,"1 pitched part(s), staves 2",True,148,148,592.0,none,4/4,simple,0,-2,2,22,sound tempo,152,5.45,15.74,8.87,1.0,54|101,26|76,4|3,3|4,5.0|9.41,16th|16th,5|7,0|0,244|228,0|0,5|6,17|24,250|146,32|114,36|28,44|114,58|74,0.469,0,0.244,5.337,10,"{'sustain': 0.7905, 'sostenuto': 0.0}",0.0|0.0,0,0,3.125|2.5
./mxl/14/12/QmWBNsYLfFDoG9G2iUAWwn8Hp7Cir7ESx81jKXgKEpzG2j.mxl,False,,Easy,8notes,John B. Dykes,"Jesus, the Very Thought of Thee",,"2 pitched part(s), staves 1+1",True,14,14,42.0,none,3/4,simple,0,1,0,0,metronome,100,1.23,4.33,1.39,1.0,59|72,43|60,0|1,1|0,5.66|1.75,quarter|quarter,0|0,0|0,0|0,0|0,2|2,12|12,2|5,0|0,3|2,6|4,2|1,0.903,0,0.101,4.009,0,"{'sustain': 0.0, 'sostenuto': 0.0}",0.0|0.0,0,0,1.333|1.333
./mxl/14/13/QmWc4DZGFTQBaYaTuQuEx7oU8m7iHJMCXtDYjmjL9LgHcG.mxl,False,,ANZCA Modern=1,exam-lists,,Scarborough Fair,,"1 pitched part(s), staves 1",False,20,20,60.0,none,3/4,simple,0,0,0,0,metronome,140,1.28,1.28,1.56,1.0,67|81,|,1|,0|,2.63|,eighth|,3|,0|,0|,0|,1|,0|,0|,0|,3|,4|,0|,,,0.03,2.93,0,"{'sustain': 0.0, 'sostenuto': 0.0}",0.0|,20,0,0.667|
./mxl/14/15/QmWdv6KowAARbx5s5JVye1exxw2ZH3Cy49r55T7Ao5ahRm.mxl,False,,PSyllabus:ABRSM=1(ps1),exam-lists,Brahms J.,Wiegenlied (No 4 from Five Songs Op 49) arr. Litten,,"2 pitched part(s), staves 1+2",False,19,19,54.0,confirmed,3/4,simple,0,-3,0,0,metronome,120,3.59,8.3,4.0,1.0,63|75,55|80,0|1,0|2,0.0|1.39,eighth|eighth,2|4,0|0,0|0,0|0,1|3,0|12,0|0,0|0,2|3,4|7,0|0,,,0.571,3.938,0,"{'sustain': 0.0, 'sostenuto': 0.0}",0.0|0.0,0,1,1.0|2.667
./mxl/14/17/QmWewFJYkCbpuyPMnUofsghkiPzUzH2RYURT6Dsoq7MKxW.mxl,False,,RCM=4,exam-lists,attr. J.S. Bach,"Minuet in D Minor, BWV Anh. 132",,"1 pitched part(s), staves 2",True,18,18,54.0,none,3/4,simple,0,-1,0,0,none,UNKNOWN,,,,,61|82,38|62,1|1,1|1,9.72|8.62,16th|eighth,0|1,0|0,0|0,0|0,1|1,0|0,0|0,4|1,2|1,12|10,0|0,0.444,0,0.138,4.61,0,"{'sustain': 0.0, 'sostenuto': 0.0}",0.0|0.0,0,2,1.667|1.0
./mxl/14/18/QmWEwo7KqesGn9PP1AVXaqEbUo4J17fDehkxCY7gncPZDw.mxl,False,,ABRSM=8,exam-lists,Beethoven,"Adagio cantabile (2nd movt from Sonata in C minor ‘Pathétique’, Op. 13)",,"1 pitched part(s), staves 2",True,99,99,297.0,none,3/4,simple,0,-4,0,55,metronome,58.0,2.89,5.29,5.96,1.0,34|89,29|80,3|4,7|4,8.02|5.86,128th|128th,0|2,2|1,13|18,0|0,4|4,40|29,25|21,72|69,8|5,9|9,86|75,0.391,0,0.622,4.78,0,"{'sustain': 0.0, 'sostenuto': 0.0}",0.0|0.0,0,0,3.0|2.333
./mxl/14/23/QmWhYLo8JPz5PYpH3fsTGqwMyurmx3PyASN8p7UqaViVqo.mxl,False,,Advanced,8notes,Mendelssohn,"Songs without words, Op.38",,"1 pitched part(s), staves 2",True,102,102,300.0,none,6/8,compound,0,3,0,16,metronome,UNKNOWN,7.01,18.44,11.73,0.963,50|97,28|74,4|3,3|4,2.49|3.44,16th|16th,0|0,0|0,0|0,0|0,4|4,12|12,111|70,2|26,19|12,274|38,16|2,0.44,0,0.414,4.971,2,"{'sustain': 0.7255, 'sostenuto': 0.0}",0.0|0.0,0,1,3.333|3.333
./mxl/14/23/QmWhggti1rnkVcm2Le3Lcnk7ZEGGF5j8xp3wd4gPu4AA2i.mxl,False,,chapter 12,pianofordummies-candidates,,Yankee Doodle,,"2 pitched part(s), staves 1+1",True,17,17,32.0,candidate,4/4,simple,0,3,0,0,none,UNKNOWN,,,,,57|74,45|62,0|1,2|0,0.0|0.0,16th|16th,0|0,6|6,0|0,0|0,2|2,9|12,0|20,0|0,4|11,14|14,17|17,0.966,0,0.246,3.604,0,"{'sustain': 0.0, 'sostenuto': 0.0}",0.0|0.0,0,0,4.0|4.0
./mxl/14/24/QmWHYEAX4AmV1nJiSsabYUip5QYg6WcnRFB1b912dU2yEp.mxl,False,,ANZCA Modern=5; ANZCA Modern=7,exam-lists,,Circle of Life,,"1 pitched part(s), staves 2",True,46,46,184.0,none,4/4,simple,0,0,0,0,metronome,200,1.5,1.5,2.71,1.0,60|69,55|60,0|1,1|0,0.0|0.0,quarter|quarter,0|0,0|0,0|0,0|0,1|1,0|0,0|0,0|0,5|2,9|2,0|0,0.0,2,0.0,2.702,0,"{'sustain': 0.0, 'sostenuto': 0.0}",0.0|0.0,0,0,0.5|0.0
./mxl/14/25/QmWiYmyGdR57srpmX1LC6NQMGmvqrAhCZzxmkxQ43rKSkJ.mxl,False,,unit 13,faber-adult-allinone-pieces,Jacques Offenbach,Can-Can,,"1 pitched part(s), staves 2",True,16,16,64.0,none,4/4,simple,0,1,0,0,metronome,120,1.53,1.53,1.75,1.0,59|67,55|62,0|1,1|0,0.0|0.0,quarter|quarter,0|0,0|0,0|0,0|0,1|1,0|0,0|0,0|0,3|3,5|8,0|0,0.0,2,0.02,2.648,0,"{'sustain': 0.0, 'sostenuto': 0.0}",0.0588|0.0625,0,0,0.0|0.5
./mxl/14/26/QmWjPSjGM8HcN9peVFR6XzF1ckAiu2ESSNkkjfnZfVpTaQ.mxl,False,,ANZCA Modern=3,exam-lists,,River Flows in You,,"1 pitched part(s), staves 2",True,47,47,188.0,none,4/4,simple,0,0,0,0,none,UNKNOWN,,,,,59|79,41|67,0|3,1|0,0.0|0.93,16th|eighth,0|0,0|0,0|0,0|0,2|2,5|4,0|0,0|0,3|2,17|5,0|0,0.188,1,0.003,3.892,0,"{'sustain': 1.0, 'sostenuto': 0.0}",0.0|0.0,0,1,1.0|0.5
./mxl/14/27/QmWJSHw8HUXTRjgqJGNke5bLY9J9Kc4T6GYfyjbWXPXXCY.mxl,False,,Intermediate,8notes,Hoffman,Are You Washed in the Blood?,,"2 pitched part(s), staves 1+1",True,19,19,64.0,confirmed,4/4,simple,0,-4,0,0,metronome,115,2.52,9.16,2.95,1.0,56|73,44|60,0|1,2|0,0.67|0.0,eighth|eighth,0|0,0|0,0|0,0|0,2|3,10|12,0|12,0|0,5|5,4|4,0|4,0.821,0,0.752,3.702,0,"{'sustain': 0.0, 'sostenuto': 0.0}",0.0|0.0,0,0,2.667|2.667
./mxl/14/27/QmWJdiYuEhYiFuw3BLwmCazxsAGQAHeda76sGqXMVTjBLw.mxl,False,,Easy,8notes,,The Yellow Rose of Texas,,"1 pitched part(s), staves 2",True,21,21,42.0,none,2/4,simple,0,1,0,0,none,UNKNOWN,,,,,71|86,43|60,2|1,0|0,0.0|0.0,16th|eighth,3|0,10|0,0|0,0|0,1|2,0|5,0|0,0|0,4|1,4|76,0|0,0.593,0,0.006,3.487,0,"{'sustain': 0.0, 'sostenuto': 0.0}",0.3382|0.0,0,0,2.0|3.0
./mxl/14/28/QmWkvjEfXH43QWggnHznD6w7mDmBCuj8FeVmrnujs4Li1m.mxl,False,,Intermediate,8notes,Schubert,Ave Maria,,"1 pitched part(s), staves 2",True,26,26,104.0,none,4/4,simple,0,-2,0,0,metronome,60,3.12,8.06,3.44,1.0,45|98,22|77,6|6,5|6,7.14|16.12,16th|eighth,0|0,0|0,48|100,1|0,4|3,14|16,73|7,12|101,3|1,12|300,1|0,0.435,0,0.31,4.917,0,"{'sustain': 0.9615, 'sostenuto': 0.0}",0.0|0.0,0,0,2.75|5.5
./mxl/14/33/QmWnQ8rxjbYRPrHN3F4ApQyEVHxRMEDqzhTHtV1CbBpcza.mxl,False,,unit 6,faber-adult-allinone-pieces,,Happy Birthday,,"1 pitched part(s), staves 2",True,10,10,28.0,confirmed,3/4,simple,0,0,0,0,none,UNKNOWN,,,,,67|79,55|65,0|0,0|2,0.0|0.0,eighth|quarter,0|0,0|0,0|0,0|0,1|4,0|10,0|0,0|0,2|2,4|6,0|0,0.36,0,0.0,3.623,0,"{'sustain': 0.0, 'sostenuto': 0.0}",0.0|0.0,9,0,1.0|1.333
./mxl/14/37/QmWPfcCVSoPo5w5MY5XUv7L3B2dqjxTrfhBfPzZFmmVdKH.mxl,False,,Intermediate,8notes,Bridgers,He Keeps Me Singing,,"2 pitched part(s), staves 1+1",True,16,16,64.0,none,4/4,simple,0,-4,0,0,metronome,110.0,1.63,6.47,1.95,1.0,60|75,44|63,0|2,1|0,7.96|0.0,eighth|eighth,0|0,0|0,0|0,0|0,2|2,12|12,2|22,0|0,2|6,4|4,1|1,1.0,0,0.704,3.981,0,"{'sustain': 0.0, 'sostenuto': 0.0}",0.0|0.0,0,0,1.75|1.75
./mxl/14/38/QmWqwAqr8yGcvHzHU6tyLhF2YL6551xx84brEx7uYoK4Z7.mxl,False,,PSyllabus:ABRSM=8(ps7); PSyllabus:GCSE=8(ps7); PSyllabus:NZMEB=6(ps7); PSyllabus:Piano St=6(ps7); PSyllabus:RCM=8(ps7); PSyllabus:RIAM=8(ps7); PSyllabus:SCSM=6(ps7),exam-lists,Chopin F.,Waltz in B minor Op 69 No 2,,"1 pitched part(s), staves 2",True,146,146,436.0,confirmed,3/4,simple,0,2,2,0,metronome,152,3.97,9.34,5.07,1.0,65|90,35|67,3|3,0|2,13.27|5.14,16th|quarter,33|0,12|0,0|0,0|0,2|3,10|12,0|4,2|9,3|5,29|137,2|5,0.496,0,0.455,4.691,0,"{'sustain': 0.8904, 'sostenuto': 0.0}",0.0|0.0,0,1,1.333|2.333
./mxl/14/41/QmWRxYQDfXpXsQj9RbrcVMza6LNZk7PLTYYcXTcZnurZD5.mxl,False,,Beginner,8notes,Czerny,"Practical Exercises for Beginners, Op.599",,"1 pitched part(s), staves 2",True,16,16,64.0,none,4/4,simple,0,2,0,0,sound tempo,116,5.38,8.97,5.8,1.0,73|100,54|67,3|3,0|0,2.82|0.0,eighth|quarter,0|0,0|0,58|0,0|0,1|3,0|10,0|0,0|0,1|4,90|31,0|0,0.343,0,0.293,4.376,2,"{'sustain': 0.0, 'sostenuto': 0.0}",0.2655|0.1452,0,2,3.0|1.5
./mxl/14/42/QmWsqnyqgpTvxHUrMhbmKPT8mgW5Me7p7CQyVoDhpLA9Hv.mxl,False,,PSyllabus:ABRSM=4(ps4),exam-lists,Grieg E.,In the Hall of the Mountain King Op 46 No 1 arr. White,,"1 pitched part(s), staves 2",True,88,88,352.0,none,4/4,simple,0,2,0,1,metronome,138,4.36,9.14,8.48,1.0,35|99,23|61,2|1,3|6,14.04|9.75,eighth|16th,0|0,0|0,0|25,42|0,3|4,12|12,9|65,1|23,7|7,17|192,29|0,0.565,0,0.451,5.384,4,"{'sustain': 0.3977, 'sostenuto': 0.0}",0.1924|0.1107,0,0,2.0|2.5
./mxl/14/51/QmWWAyZTXdQkB7UkiBdnvL7ko6SEhzwmDZs5RSz986xxsA.mxl,False,,RCM=PrepA,exam-lists,,Cradle Song,,"2 pitched part(s), staves 1+1",True,16,16,64.0,none,4/4,simple,0,1,0,0,none,UNKNOWN,,,,,62|79,62|79,0|0,0|0,0.0|0.0,eighth|eighth,0|0,0|0,0|0,0|0,1|1,0|0,0|0,0|0,1|2,8|12,0|0,0.581,0,0.066,3.009,0,"{'sustain': 0.0, 'sostenuto': 0.0}",0.0|0.0,0,2,1.125|1.625
./mxl/14/51/QmWWq7NELZbyX1hrLYtw4p71t7ApCSs5yGfuXQXZQzEMiy.mxl,False,,RCM=9,exam-lists,"Tcherepnin, Alexander","Bagatelles, op. 5, no. 10",,"1 pitched part(s), staves 2",True,33,33,132.0,none,4/4,simple,0,-3,0,8,metronome,184,3.93,11.85,4.79,1.0,48|108,24|99,5|5,3|8,6.19|3.91,eighth|eighth,1|1,0|0,0|0,0|0,3|3,12|12,22|33,3|4,3|3,15|15,0|0,0.97,0,0.351,4.509,2,"{'sustain': 0.3636, 'sostenuto': 0.0}",0.0|0.0,0,0,2.25|2.0
./mxl/14/54/QmWyEhtrtPbp21hj4EKNUKeZV5iaC8UBZqb8nrGPXHUX7U.mxl,False,,Advanced,8notes,Beethoven,"Piano Sonata No.17, Op.31 No.2",,"2 pitched part(s), staves 1+1",True,173,173,346.0,none,2/4,simple,0,-4,0,43,none,UNKNOWN,,,,,43|89,31|80,3|3,2|3,11.38|12.22,64th|32nd,22|0,2|0,4|0,0|0,4|4,12|12,21|21,22|43,4|4,104|59,4|0,0.497,2,0.506,5.354,0,"{'sustain': 0.0, 'sostenuto': 0.0}",0.0|0.0,0,1,3.5|3.5
./mxl/14/54/QmWyFckvyoMiNLFawUiRMTeH2USzFHijjt8TdEWbTRDQ7N.mxl,False,,Intermediate,8notes,John B. Dykes,"Holy, Holy, Holy (Nicaea)",,"2 pitched part(s), staves 1+1",True,16,16,64.5,none,4/4,simple,0,2,0,0,metronome,113.0,1.75,5.78,2.0,1.0,57|74,42|62,0|1,2|0,0.0|3.0,eighth|eighth,3|2,0|0,0|0,0|0,2|3,12|18,4|8,0|4,2|2,16|14,10|9,0.8,0,0.227,3.997,0,"{'sustain': 0.0, 'sostenuto': 0.0}",0.0|0.0,0,0,1.625|1.75
./mxl/14/54/QmWyxCGR79XU4NLc2fzUfi7vmVQB5HzXEovUxUFQH81cq6.mxl,False,,Intermediate,8notes,Stockton,The Great Physician,,"2 pitched part(s), staves 1+1",True,17,17,48.0,confirmed,6/8,compound,0,-3,0,0,none,UNKNOWN,,,,,58|75,46|63,0|2,1|0,0.0|0.0,eighth|eighth,0|0,0|0,0|0,0|0,2|2,8|12,0|14,0|0,3|4,5|2,5|2,0.966,0,0.724,3.305,0,"{'sustain': 0.0, 'sostenuto': 0.0}",0.0|0.0,0,0,2.667|2.667
./mxl/14/55/QmWY8qwejrP1LFbKn5yFXZAyCX3abvncsjQJxLCcaeekTt.mxl,False,,section II.5,piano-aio-dummies-candidates,Stephen Foster,"Oh, Susannah",,"1 pitched part(s), staves 2",True,17,17,68.0,none,4/4,simple,0,2,0,0,none,UNKNOWN,,,,,62|71,49|62,0|1,0|0,0.0|0.0,eighth|quarter,6|0,0|0,0|0,0|0,1|2,0|8,0|0,0|0,3|3,4|7,0|0,0.492,0,0.252,3.349,0,"{'sustain': 0.0, 'sostenuto': 0.0}",0.1296|0.15,0,0,1.0|0.75
./mxl/14/55/QmWYCjUnxN8ZY2fSLhUBtmHsGDURBc6wPUrGNyZKBUGsyc.mxl,False,,ANZCA Modern=3,exam-lists,,Little Song,,"1 pitched part(s), staves 2",True,32,32,96.0,none,3/4,simple,0,-3,0,0,none,UNKNOWN,,,,,58|79,43|63,0|2,1|0,0.0|0.0,eighth|eighth,0|0,0|0,0|0,0|0,2|2,12|19,2|13,0|3,1|1,41|25,0|0,0.918,0,0.475,4.093,0,"{'sustain': 0.0, 'sostenuto': 0.0}",0.0|0.0,0,0,2.0|2.0
./mxl/14/55/QmWYit69PTRCdRJdpb3Poo8f7Zzh82sEqU8BqSBPrR7Cvq.mxl,False,,Intermediate,8notes,Sullivan,I've Found a Friend,,"2 pitched part(s), staves 1+1",True,21,21,64.0,confirmed,4/4 4/4,simple,1,-1,0,0,metronome,100,1.67,6.41,2.05,1.0,60|77,45|64,0|2,1|0,4.84|2.46,eighth|eighth,10|10,0|0,0|0,0|0,2|2,12|16,2|9,0|0,6|6,8|9,21|21,0.938,0,0.15,4.135,0,"{'sustain': 0.0, 'sostenuto': 0.0}",0.0|0.0,0,0,2.0|2.0
./mxl/14/57/QmWZup6ktoRQb3rZCBgY3StrCXq43SshF2QLekRb6SquRs.mxl,False,,PSyllabus:Piano St=9(ps8),exam-lists,Chopin F.,Marche Funebre - op 72 no 2 in C minor,,"1 pitched part(s), staves 2",True,92,92,368.0,none,4/4,simple,0,0,0,8,metronome,40,1.07,2.22,1.42,1.0,48|88,33|64,3|2,2|3,3.75|1.59,16th|16th,0|0,88|2,0|0,20|16,2|3,9|9,0|0,0|5,12|3,12|104,0|0,0.568,0,0.033,4.527,0,"{'sustain': 0.0, 'sostenuto': 0.0}",0.1772|0.0594,0,1,1.5|2.0
./mxl/14/57/QmWZy9P8JQmf77Xg8JvL3ZXw49JSMxynhZEC31eFFMo6VY.mxl,False,,PSyllabus:Piano St=5(ps5),exam-lists,Grieg E.,The Mountaineers Song - op 73 no 7 G minor,,"1 pitched part(s), staves 2",True,75,75,300.0,none,2/2,simple,0,-2,0,3,sound tempo,120,2.31,3.46,3.25,1.0,50|93,29|81,4|3,1|4,18.64|11.37,eighth|eighth,0|0,0|0,0|0,6|0,2|2,19|9,0|0,0|4,1|7,19|12,3|55,0.413,0,0.321,5.087,0,"{'sustain': 0.5333, 'sostenuto': 0.0}",0.0|0.0,0,1,1.0|1.0
./mxl/14/7/QmW8wywozM6GmjiBePAtWdyzPkA1bnX5sMg22TavXxs54q.mxl,False,,Easy,8notes,Hastings,"Rock of Ages, Cleft for Me",,"1 pitched part(s), staves 2",True,13,12,72.0,confirmed,6/4,UNKNOWN,0,-2,0,0,none,UNKNOWN,,,,,58|74,46|63,0|2,1|0,0.0|0.0,eighth|eighth,0|0,0|0,0|0,0|0,2|2,9|12,0|14,0|0,4|6,3|3,13|13,1.0,0,0.429,3.64,0,"{'sustain': 0.0, 'sostenuto': 0.0}",0.0|0.0,0,0,1.333|1.333
./mxl/15/11/QmXbDPsYystddE8aTYmppxzXmJej8j1xV2xXSsbnNo4MKf.mxl,False,,Intermediate,8notes,Bach,Prelude 21 BWV 866 from The Well Tempered Clavier,,"1 pitched part(s), staves 2",True,35,35,140.0,none,4/4,simple,0,0,0,0,metronome,68,4.39,4.39,4.53,1.0,50|81,36|64,1|2,4|2,1.68|5.19,32nd|16th,0|0,0|0,0|0,0|0,1|1,0|0,0|0,4|2,1|1,14|2,1|1,0.0,34,0.069,4.415,0,"{'sustain': 1.0, 'sostenuto': 0.0}",0.0|0.0,0,0,3.0|1.0
./mxl/15/14/QmXCYYCjkTZxTtYmMYo1jYLCZmKAdo8cB7QjEBQZNcMoM1.mxl,False,,PSyllabus:GCSE=8(ps8),exam-lists,Schubert F.,Moments musicaux Nos 4 and 5 (Cm and Fm) D780 Op94,,"1 pitched part(s), staves 2",True,78,78,156.0,none,2/4,simple,0,-4,0,4,metronome,80,3.25,8.64,3.83,1.0,57|82,37|68,1|3,2|2,8.14|5.66,16th|eighth,0|0,2|0,0|0,46|0,4|3,12|12,0|0,0|13,8|1,8|308,27|0,0.6,0,0.391,4.548,0,"{'sustain': 0.0, 'sostenuto': 0.0}",0.0|0.0,0,0,3.0|3.0
./mxl/15/18/QmXE1WdGrE1gpqSKkJCTykxmPbtw3ECSypsdoz41WvVmjr.mxl,False,,ANZCA Modern=7,exam-lists,,As Time Goes By,,"2 pitched part(s), staves 1+2",False,52,52,208.0,none,4/4,simple,0,-1,0,0,metronome,84,2.29,5.99,3.15,1.0,60|79,53|77,0|0,1|3,3.46|11.37,16th|eighth,1|6,34|0,12|3,1|0,1|5,0|14,0|5,0|1,5|3,8|11,0|17,,,0.17,4.705,0,"{'sustain': 0.0, 'sostenuto': 0.0}",0.0|0.0,0,1,1.5|2.25
./mxl/15/18/QmXEe4TZkbG568G87njLiw9tXJ3wdQKceVZ7B17Q6JjBYs.mxl,False,,PSyllabus:RCM=12(ps10),exam-lists,Handel G.,Suite in G minor HWV 432,,"1 pitched part(s), staves 2",True,65,65,256.0,none,4/4,simple,0,-2,0,0,sound tempo,100,5.02,8.23,6.67,1.0,55|82,31|63,1|2,2|3,5.7|6.38,16th|16th,12|0,46|0,12|20,0|0,4|4,12|15,0|33,7|15,3|2,188|56,22|33,0.299,0,0.31,4.785,0,"{'sustain': 0.0, 'sostenuto': 0.0}",0.0|0.0,0,16,2.75|1.75
./mxl/15/23/QmXhWvBZCz5R8GCAcpyAfZqxyX9MrWZzHfoaUuTH8qYC9z.mxl,False,,PSyllabus:LCM=11(ps10); PSyllabus:Piano St=9(ps10),exam-lists,Rimsky-Korsakov N.,Flight of the Bumble Bee in A minor arr. Rachmaninoff,,"1 pitched part(s), staves 2",True,103,102,206.0,none,2/4,simple,0,0,0,4,metronome,180,11.5,16.86,12.0,1.0,57|89,33|69,3|3,2|3,44.35|19.09,16th|16th,0|0,0|0,0|0,0|0,3|4,12|17,14|3,1|5,8|2,184|53,1|5,0.176,9,0.307,5.154,0,"{'sustain': 0.0, 'sostenuto': 0.0}",0.0|0.0,0,1,4.0|2.5
./mxl/15/24/QmXH7UowvxLRyffsi2q1895FqmrLSifjBM1gLbWy4wmC8r.mxl,False,,RCM=5,exam-lists,attr. Beethoven,"Sonatina in F Major, Anh. 5, no. 2: I",,"1 pitched part(s), staves 2",True,165,165,330.0,none,2/4,simple,0,-1,0,6,metronome,100,4.4,6.75,7.33,1.0,60|89,36|70,3|3,1|2,9.52|5.17,16th|16th,10|0,0|0,0|0,11|0,3|4,12|12,0|5,0|3,4|2,54|44,0|0,0.415,0,0.141,4.748,0,"{'sustain': 0.0242, 'sostenuto': 0.0}",0.1525|0.1018,0,4,2.0|2.0
./mxl/15/25/QmXiANoF15wqxY1T8hka5xUpgtC7ZNWWHciJ5qJe9mEgXf.mxl,False,,RCM=9,exam-lists,"Debussy, Claude",La fille aux cheveux de lin (no. 8),,"1 pitched part(s), staves 2",True,39,39,117.0,none,3/4,simple,0,-6,0,3,metronome,66,2.28,5.51,3.58,1.0,51|90,30|73,4|3,3|3,4.99|6.67,16th|16th,3|1,11|11,3|0,0|1,4|7,12|24,3|1,0|7,2|3,7|6,27|18,0.405,0,0.805,4.779,0,"{'sustain': 0.0, 'sostenuto': 0.0}",0.0|0.0,0,0,3.333|2.0
./mxl/15/26/QmXj499TQXR72Unv86zV7aaCPKuzbfjh1o5MLAiNypNeRc.mxl,False,,RCM=5,exam-lists,"Beethoven, Ludwig van","Minuet in G Major, WoO 10, no. 2",,"1 pitched part(s), staves 2",True,220,220,587.5,confirmed,3/4,simple,0,0,5,12,none,UNKNOWN,,,,,54|91,31|72,4|3,3|3,5.63|4.97,16th|16th,7|0,52|26,3|0,3|0,4|4,12|12,41|103,12|9,4|6,45|60,26|16,0.542,0,0.234,5.32,0,"{'sustain': 0.0, 'sostenuto': 0.0}",0.0|0.0,0,24,2.0|2.0
./mxl/15/26/QmXjZNbCPy31urEuop2WNi8D2jfcYXwi77tXGMMcJPv9wk.mxl,False,,Beginner,8notes,Martini,Plaisir d'Amour,,"1 pitched part(s), staves 2",True,25,25,72.5,confirmed,6/8,compound,0,-3,0,0,metronome,75,2.66,5.28,2.92,1.0,55|75,39|60,0|1,2|1,2.65|0.72,16th|16th,0|0,0|0,0|0,0|0,4|2,9|12,0|1,0|13,1|1,6|31,0|0,0.416,0,0.513,4.244,0,"{'sustain': 0.0, 'sostenuto': 0.0}",0.1|0.0296,46,0,2.333|2.0
./mxl/15/3/QmX4y9HqzeCv1rTcbd5dCjkJKEC5yyjNagY3VRm6MPqyHp.mxl,False,,PSyllabus:AGME=10(ps9); PSyllabus:AMEB=9(ps9); PSyllabus:LCM=10(ps9); PSyllabus:NZMEB=9(ps9); PSyllabus:Piano St=9(ps9); PSyllabus:RCM=11(ps9),exam-lists,Chopin F.,Fantaisie-Impromptu in C minor Op 66,,"1 pitched part(s), staves 2",True,138,138,552.0,none,2/2 4/4 4/4,simple,2,4,2,4,metronome,168,9.32,12.19,17.6,1.0,53|100,31|76,5|4,3|4,14.52|5.28,32nd|eighth,4|0,12|0,7|224,2|1,4|4,0|12,0|32,18|38,4|16,218|360,31|78,0.18,0,0.681,5.146,2,"{'sustain': 1.0, 'sostenuto': 0.0}",0.0|0.0,0,0,4.0|3.25
./mxl/15/30/QmXLvpURSXcYETq2hFDZ84LTiVs8v4jMQbxaarhA5oe8sx.mxl,False,,Advanced,8notes,Chopin,"Mazurka in D major, Op. 33, No. 2",,"1 pitched part(s), staves 2",True,137,136,409.0,confirmed,3/4,simple,0,2,2,1,sound tempo,180,5.22,13.07,6.0,1.0,57|98,32|69,2|3,2|3,8.0|8.08,16th|16th,9|0,9|8,33|0,56|4,3|4,12|19,33|1,0|67,5|4,24|193,121|5,0.546,0,0.263,4.756,1,"{'sustain': 0.9051, 'sostenuto': 0.0}",0.0|0.0,0,1,2.667|2.0
./mxl/15/33/QmXnXtt6mECo4x9TwcZTeTjimPqPuPpkp9TmP2nFVsja1K.mxl,False,,PSyllabus:Piano St=4(ps4); PSyllabus:RCM=4(ps4),exam-lists,Diabelli A.,Sonatina in G major Op 151 No 1,,"1 pitched part(s), staves 2",True,169,169,389.5,confirmed,3/4 6/8 2/4,compound simple,2,1,4,36,metronome,70,4.52,8.31,7.0,1.0,43|91,36|72,4|3,2|2,8.51|2.1,16th|16th,6|0,17|0,32|69,6|0,3|4,9|10,0|0,21|4,4|12,68|72,0|34,0.404,6,0.117,4.674,0,"{'sustain': 0.0, 'sostenuto': 0.0}",0.0|0.0,0,8,2.0|3.0
./mxl/15/33/QmXnhQJy7fQLcWkcmFj1kGJtgEZrmCWgc4pHsFrFUd5xb9.mxl,False,,PSyllabus:AGME=10(ps10); PSyllabus:AMEB=11(ps10); PSyllabus:LCM=11(ps10); PSyllabus:NZMEB=10(ps10); PSyllabus:Piano St=8(ps10); PSyllabus:RCM=11(ps10),exam-lists,Chopin F.,Nocturne in Db major Op 27 No 2CT 115,,"1 pitched part(s), staves 2",True,77,77,231.004,none,6/8,compound,0,-5,0,0,metronome,UNKNOWN,3.62,5.82,6.64,0.996,56|102,32|68,4|3,2|3,23.57|15.26,32nd|16th,0|0,0|0,56|0,27|0,3|2,12|12,18|1,9|153,3|7,48|696,14|19,0.342,0,0.637,5.312,4,"{'sustain': 1.0, 'sostenuto': 0.0}",0.0|0.0,0,0,3.333|4.0
./mxl/15/33/QmXnpmnc9mAkzPAzpxN1rFm5eqKNnwDhQKtAmN1ecYDABf.mxl,False,,Easy,8notes,Dorn,"Waltz Facile, Guitar Album, Op.27",,"2 pitched part(s), staves 1+1",False,54,49,144.0,confirmed,3/4,simple,0,4,4,0,sound tempo,132,3.33,8.13,4.18,1.0,40|71,40|71,1|0,3|0,3.76|3.76,eighth|eighth,2|2,0|0,0|0,0|0,4|4,24|24,8|8,6|6,3|3,20|20,48|48,,,0.211,3.55,0,"{'sustain': 0.0, 'sostenuto': 0.0}",0.0305|0.0,0,2,2.0|2.0
./mxl/15/34/QmXNgDZcrSbtyz7qHr1FqnSM5FF8c5wYLfWun6K5bQm88p.mxl,False,,Advanced,8notes,Liszt,"Mephisto Waltz No.2, S.515",,"2 pitched part(s), staves 2+2",False,552,552,1648.0,none,6/8 2/4 6/8,compound simple,2,0,14,22,metronome,UNKNOWN,6.64,20.36,12.83,0.99,57|105,54|92,4|4,2|2,22.33|20.16,32nd|16th,0|0,0|0,26|26,22|15,4|4,12|12,185|4,7|1,13|13,149|149,12|4,,,0.478,5.894,22,"{'sustain': 0.625, 'sostenuto': 0.0}",0.0|0.0,0,0,2.0|1.833
./mxl/15/35/QmXom3xfLqpDKxYrY64g6PeiDisGDxPfC3FDpSFCBRaXsc.mxl,False,,PSyllabus:NZMEB=7(ps7),exam-lists,Mozart W.,Six Variations on an Allegretto K 54,,"1 pitched part(s), staves 2",True,137,137,245.0,candidate,2/4,simple,0,-1,2,26,metronome,100,5.89,9.46,9.07,1.0,57|89,34|79,3|3,2|2,12.53|12.98,32nd|32nd,0|4,5|5,4|0,2|0,4|3,12|12,3|13,3|24,7|3,120|60,23|15,0.367,0,0.167,4.971,0,"{'sustain': 0.0, 'sostenuto': 0.0}",0.0|0.0,0,14,3.5|2.0
./mxl/15/36/QmXp4qcv5nmY2hbptnMu22MMMkjB4AEo59SzEXCphyhsfq.mxl,False,,Advanced,8notes,Bach,"6 Partitas, BWV 825-830",,"1 pitched part(s), staves 2",True,548,548,1838.0,none,4/4 3/4 4/4,simple,2,-2,0,0,metronome,UNKNOWN,6.7,9.38,10.33,0.954,55|84,31|72,2|4,2|3,7.37|7.49,64th|64th,0|0,20|18,516|733,4|0,4|3,21|19,6|44,121|74,3|3,636|51,197|78,0.33,2,0.283,4.892,0,"{'sustain': 0.0, 'sostenuto': 0.0}",0.0|0.0,0,0,3.0|1.333
./mxl/15/36/QmXpXcjYaBtF3mBA6ao8VXAv9xQrpUgBQDsEMdMrZqVgiF.mxl,False,,Intermediate,8notes,Schubert,"38 Waltzes, Landler and Ecossaises D.145",,"1 pitched part(s), staves 2",True,8,8,16.0,none,2/4,simple,0,2,0,0,metronome,45,2.02,6.66,2.25,1.0,62|90,33|62,3|1,0|3,7.59|4.76,16th|eighth,0|0,0|0,0|0,0|0,4|3,12|12,1|6,1|1,3|2,15|22,7|0,0.674,0,0.317,4.438,0,"{'sustain': 0.0, 'sostenuto': 0.0}",0.0|0.0,0,2,5.0|4.0
./mxl/15/36/QmXpuRwDh2cgEEd8NQedXeNhswbYG9YoF14vPzJTBopqHD.mxl,False,,Easy,8notes,Converse,What a Friend We Have in Jesus,,"2 pitched part(s), staves 1+1",True,16,16,60.0,none,4/4,simple,0,-1,0,0,metronome,105,1.75,7.0,1.75,1.0,57|74,46|60,0|1,2|0,2.5|0.0,eighth|eighth,8|9,0|0,0|0,0|0,2|2,9|12,0|13,0|0,2|6,5|5,1|2,1.0,0,0.108,3.508,0,"{'sustain': 0.0, 'sostenuto': 0.0}",0.0|0.0,0,0,2.0|2.0
./mxl/15/38/QmXqK3udSEJjr51sd3k7mHyBkRP2JuM1bK3oNdgNdEjcjn.mxl,False,,PSyllabus:AGME=9(ps7),exam-lists,Rodriguez G.,La Cumparsita (G Minor),,"1 pitched part(s), staves 2",True,49,49,196.0,none,4/4,simple,0,-2,0,1,metronome,112,2.85,8.16,3.5,1.0,51|96,26|67,5|3,3|5,9.16|5.33,16th|16th,0|1,0|0,18|1,7|1,5|3,12|12,4|38,0|39,3|4,8|8,0|0,0.495,0,0.298,4.574,0,"{'sustain': 0.0, 'sostenuto': 0.0}",0.0|0.0,0,0,1.75|2.75
./mxl/15/4/QmX5Y2NJTbQ8RySuX9bho7gDp6tfz9qMKiR448ucfRHsHz.mxl,False,,Intermediate,8notes,Smith,Love Lifted Me,,"2 pitched part(s), staves 1+1",True,26,26,78.0,none,6/8,compound,0,-2,0,0,metronome,110.0,1.81,7.12,1.99,1.0,58|74,46|60,0|1,1|0,1.96|0.0,eighth|eighth,0|0,0|0,0|0,0|0,2|2,11|12,0|29,0|0,2|8,3|3,3|1,1.0,0,0.442,3.727,0,"{'sustain': 0.0, 'sostenuto': 0.0}",0.0|0.0,0,1,2.0|2.0
./mxl/15/44/QmXtKLWzgF5HGBN1N5D8sg3usK6WaqK3BVnZiz3sY3pinE.mxl,False,,ANZCA Modern=2; ANZCA Modern=4,exam-lists,,The Rainbow Connection,,"1 pitched part(s), staves 2",True,126,126,378.0,none,3/4,simple,0,-2,0,0,metronome,130,1.38,4.46,2.71,1.0,54|74,38|63,0|2,3|1,5.73|1.28,eighth|eighth,9|13,0|0,0|0,0|0,4|3,14|12,0|39,0|0,7|6,9|9,0|0,0.672,0,0.343,4.172,0,"{'sustain': 0.0, 'sostenuto': 0.0}",0.0|0.0,82,0,1.0|0.667
./mxl/15/46/QmXusicmzuQ9Ph4kVB1e3nP6dSVvyAP6vdRNhaxqBg2iLe.mxl,False,,RCM=3,exam-lists,"Mozart, Wolfgang Amadeus","Menuetto II in F Major, from Sonata in C Major, K 6",,"1 pitched part(s), staves 2",True,39,39,117.0,none,3/4,simple,0,0,1,0,none,UNKNOWN,,,,,59|89,29|65,3|2,1|4,6.86|0.77,16th|eighth,2|0,0|0,0|0,3|0,3|2,6|8,0|0,1|1,6|3,24|24,0|0,0.393,3,0.079,4.754,0,"{'sustain': 0.0, 'sostenuto': 0.0}",0.0|0.0,0,4,1.0|1.0
./mxl/15/49/QmXVCHa77YaePBAo6DsB6cmJhkwEigmn5fJxywamKqtgih.mxl,False,,ANZCA Modern=3,exam-lists,,Fly Me to the Moon,,"1 pitched part(s), staves 2",True,32,32,128.0,none,4/4,simple,0,0,0,0,none,UNKNOWN,,,,,55|77,40|67,0|3,2|1,5.32|3.2,16th|16th,5|0,0|0,0|0,0|0,1|3,0|7,0|0,0|12,2|2,4|240,0|0,0.29,0,0.051,4.12,0,"{'sustain': 0.0, 'sostenuto': 0.0}",0.0|0.0,0,0,0.75|2.0
./mxl/15/5/QmX6h2bMsbEtsxGunS9pDhD46ZDpLwYVtoNuUnvLJLjF7m.mxl,False,,Trinity=3,exam-lists,Manfred Schmitz,Tango-Prelude II (duet),,"2 pitched part(s), staves 2+2",False,20,20,80.0,none,4/4,simple,0,-2,0,0,metronome,126,3.31,11.52,4.2,1.0,74|94,62|82,1|1,0|0,9.18|9.18,16th|16th,0|0,0|0,0|0,0|0,2|2,8|8,0|0,0|0,2|2,5|5,0|0,,,0.321,5.011,1,"{'sustain': 0.0, 'sostenuto': 0.0}",0.0|0.0,0,1,1.25|1.25
./mxl/15/51/QmXWjjPu3qjHCThtQ9XzRDPXCUF16csWkW78ZqMcrxeHH5.mxl,False,,Easy,8notes,Carulli,"Allegretto Op.120, No.5",,"2 pitched part(s), staves 1+1",False,36,33,96.0,confirmed,6/8,compound,0,3,0,0,metronome,132,2.86,8.11,3.01,1.0,40|69,40|69,1|1,3|3,1.16|3.31,eighth|eighth,0|0,0|0,0|0,0|0,3|3,28|24,3|13,0|4,5|13,6|4,20|29,,,0.26,3.793,0,"{'sustain': 0.0, 'sostenuto': 0.0}",0.0|0.0,0,4,1.667|1.667
./mxl/15/53/QmXXdTmXQW5jKbHEHgHuZFuW57wNrtApiba8WidW76APCp.mxl,False,,PSyllabus:AMEB=1(ps1),exam-lists,Grieg E.,In the hall of the mountain king arr. Bastien,,"1 pitched part(s), staves 2",True,87,87,348.0,none,4/4,simple,0,2,0,6,metronome,138,4.48,12.05,9.68,1.0,35|107,23|95,5|2,4|6,13.39|8.89,eighth|16th,0|0,0|0,0|13,39|16,4|4,12|12,131|214,57|16,1|2,12|192,0|0,0.563,0,0.474,5.502,10,"{'sustain': 0.5172, 'sostenuto': 0.0}",0.0|0.0,0,0,2.75|3.0
./mxl/15/56/QmXzn9pMQ77ExKANBhrWVR3dUSpbj3X3G9dZE3uHXt2gmk.mxl,False,,ANZCA Modern=6; ANZCA Modern=8,exam-lists,,Danny Boy,,"1 pitched part(s), staves 2",True,30,30,120.0,none,4/4,simple,0,-3,1,0,sound tempo,75,2.4,6.1,2.5,1.0,52|84,36|58,2|0,3|2,9.05|7.43,eighth|eighth,11|3,0|0,0|0,0|0,4|2,14|12,0|3,0|0,3|5,11|10,15|7,0.491,0,0.389,4.871,0,"{'sustain': 0.0, 'sostenuto': 0.0}",0.0|0.0,0,0,3.375|1.625
./mxl/15/56/QmXzssKd21dCAyGCZtbvdt6QdtjyEUfWQtPPLF6nK6Zpyg.mxl,False,,PSyllabus:ABRSM=9(ps10); PSyllabus:AMEB=10(ps10); PSyllabus:GCSE=9(ps10); PSyllabus:LCM=10(ps10); PSyllabus:NZMEB=9(ps10); PSyllabus:RCM=11(ps10),exam-lists,Bach J.S.,Toccata in E minor BWV 914,,"1 pitched part(s), staves 2",True,142,142,594.0,none,3/2 4/4,UNKNOWN simple,1,1,0,154,metronome,110.0,5.5,7.9,7.79,1.0,36|84,36|78,4|4,4|7,12.32|11.59,32nd|32nd,4|0,11|5,0|0,0|0,3|4,12|12,8|11,55|83,10|8,88|114,79|64,0.354,0,0.293,4.88,0,"{'sustain': 0.0, 'sostenuto': 0.0}",0.0|0.0,0,0,3.0|2.5
./mxl/15/6/QmX7FqRKaQ9rxcr6jHhSxUVnvwCPhssmEKuxRu1rmWsoEw.mxl,False,,Advanced,8notes,Chopin,Etude in Ab major op.25 no.1 Aeolian Harp,,"1 pitched part(s), staves 2",True,919,916,3218.012,confirmed,4/4 3/4 4/4 3/4 4/4 3/4 4/4 2/4 2/2 3/4 2/2,simple,10,-4,18,140,metronome,104.0,7.65,17.09,17.93,1.0,48|101,24|86,5|4,3|5,15.61|13.17,32nd|32nd,4|13,180|85,1167|718,100|81,5|5,20|33,928|808,128|523,14|9,1032|1036,367|331,0.537,1,0.414,5.766,93,"{'sustain': 0.5756, 'sostenuto': 0.0}",0.169|0.0643,0,0,4.0|3.0
./mxl/15/6/QmX7UE4wSHonpKWehzs93aU5ChsdQLbYcGhorMTs1pDCNJ.mxl,False,,ANZCA Modern=1,exam-lists,,Scarborough Fair,,"1 pitched part(s), staves 2",True,89,89,267.0,none,3/4,simple,0,2,0,0,metronome,135,2.29,4.05,4.67,1.0,59|79,50|64,0|2,1|0,0.0|0.0,eighth|quarter,6|0,0|0,0|0,0|0,2|4,12|7,4|0,0|0,4|7,22|47,0|0,0.341,0,0.119,3.701,0,"{'sustain': 1.0, 'sostenuto': 0.0}",0.0|0.0,0,0,1.0|0.667
./mxl/15/7/QmX8vPWgtgQapKMw2n1EkUJ8Y6ir21WPKuKB5pFCpdHD3b.mxl,False,,PSyllabus:Piano St=8(ps9); PSyllabus:RCM=11(ps9); PSyllabus:SCSM=7(ps9),exam-lists,Chopin F.,Prelude in G major Op 28 no 3,,"1 pitched part(s), staves 2",True,33,33,132.0,none,2/2,simple,0,1,0,2,sound tempo,168,10.58,14.06,11.2,1.0,57|98,36|86,2|2,2|2,3.66|1.39,16th|16th,0|0,0|0,0|0,2|0,4|3,11|0,0|0,0|3,5|2,64|496,12|0,0.22,0,0.045,4.277,1,"{'sustain': 0.0, 'sostenuto': 0.0}",0.0|0.0,0,0,1.0|4.0
./mxl/15/9/QmXav4npxd21fF1V23k2i3VcUYFupV8P4RhZwwYcLy9gV5.mxl,False,,Advanced,8notes,Bach,"The Well-Tempered Clavier, Book 1, BWV 846-869 (Complete)",,"1 pitched part(s), staves 2",True,63,63,252.0,none,4/4,simple,0,0,0,0,sound tempo,96,6.04,8.23,7.0,1.0,53|84,36|67,2|3,3|2,4.52|5.78,32nd|32nd,1|0,3|0,0|0,0|0,3|2,16|21,2|9,5|7,2|16,15|66,25|56,0.192,0,0.073,4.675,0,"{'sustain': 0.0, 'sostenuto': 0.0}",0.0|0.0,0,0,3.0|1.5
./mxl/16/16/QmYDb3m4xuBjrpWqeh6kW7JX3JFDgK6nE2ZYknu4G3u7sF.mxl,False,,Intermediate,8notes,Schubert,"18 German Dances and Ecossaises, D.783",,"1 pitched part(s), staves 2",True,33,33,96.0,confirmed,3/4,simple,0,-2,0,0,sound tempo,116,2.13,8.46,2.42,1.0,62|77,34|65,0|2,0|2,3.23|1.16,eighth|quarter,12|0,0|0,0|0,0|0,3|3,12|12,0|6,0|16,3|2,4|23,0|0,0.642,0,0.367,4.011,0,"{'sustain': 0.9091, 'sostenuto': 0.0}",0.0|0.0,0,0,3.0|1.667
./mxl/16/17/QmYeG6Kh3vFFFFxCcUQFxwqCVMtM9QJSpobztsDS85WfSo.mxl,False,,PSyllabus:AGME=4(ps4); PSyllabus:Piano St=4(ps4),exam-lists,Czerny C.,Studies Op 849 No 3,,"1 pitched part(s), staves 2",True,1253,1253,4286.0,none,4/4 2/2 4/4 2/4 4/4 2/4 4/4 6/8 2/4 6/8 2/4 4/4 3/8 6/8 4/4,compound simple,14,0,14,90,metronome,200,4.33,6.34,13.2,1.0,48|103,31|88,5|6,3|6,4.75|2.56,32nd|32nd,0|6,0|0,746|261,87|0,4|4,19|12,14|3,99|32,48|20,375|186,94|216,0.239,6,0.186,5.379,44,"{'sustain': 0.0, 'sostenuto': 0.0}",0.3823|0.1959,0,45,2.0|1.0
./mxl/16/19/QmYf6wWUpWm2gMJEDHwq9SipkzcUP91nhsUDhn67aD6uxX.mxl,False,,chapter 10,pianofordummies-candidates,,Joy to the World (in C minor),,"1 pitched part(s), staves 2",True,50,50,200.0,none,4/4,simple,0,1,0,3,metronome,144,4.73,8.89,7.2,1.0,50|91,26|62,6|1,3|5,7.59|12.9,16th|eighth,1|1,0|0,10|0,22|0,3|3,12|12,14|22,0|33,2|2,4|158,3|0,0.454,0,0.105,4.779,1,"{'sustain': 0.0, 'sostenuto': 0.0}",0.0|0.0,0,0,1.75|2.0
./mxl/16/2/QmY31zbcQUaNEUZH8A5JKxU3JucV4g14cY2NYSbKjqXLFU.mxl,False,,Advanced,8notes,Chopin,Etude Op.25 No.6 in G sharp minor,,"1 pitched part(s), staves 2",True,63,63,252.0,none,2/2,simple,0,5,2,22,metronome,138,8.25,23.15,9.2,1.0,57|101,30|85,3|4,2|4,27.28|18.11,16th|16th,0|2,0|1,0|0,0|1,3|5,12|28,0|4,8|57,1|4,114|81,1|36,0.453,1,0.511,5.504,15,"{'sustain': 0.7143, 'sostenuto': 0.0}",0.0|0.0,0,0,8.0|2.5
./mxl/16/2/QmY3br4YFUSsbyuiswdpBBkQnrYmucjiKByH1icFvQrmBQ.mxl,False,,PSyllabus:RCM=11(ps10),exam-lists,Saint-Saens C.,Six etudes Op 52 No 3 in F minor,,"1 pitched part(s), staves 2",True,78,78,312.0,none,2/2,simple,0,-4,0,5,metronome,210,6.61,14.49,7.0,1.0,53|97,29|73,3|2,2|4,20.08|18.95,eighth|eighth,4|3,0|0,0|0,2|0,4|4,19|22,81|152,8|34,2|11,88|74,42|29,0.525,2,0.468,5.396,1,"{'sustain': 0.0128, 'sostenuto': 0.0}",0.0|0.0,0,0,2.25|2.0
./mxl/16/21/QmYg5Aw4cC4wQBgTsxe1UqfzSJoMy3UGiTBoeFWqkfHvAq.mxl,False,,PSyllabus:AGME=9(ps9); PSyllabus:AMEB=10(ps9); PSyllabus:LCM=10(ps9); PSyllabus:NZMEB=9(ps9); PSyllabus:Piano St=8(ps9); PSyllabus:RCM=10(ps9); PSyllabus:RIAM=9(ps9),exam-lists,Chopin F.,Nocturne in Bb minor Op 9 No 1,,"2 pitched part(s), staves 1+1",True,38,38,228.0,none,12/8,compound,0,-3,0,0,metronome,66,2.76,5.99,3.67,1.0,55|99,32|74,6|5,2|3,23.2|8.76,64th|eighth,0|0,0|0,0|0,0|0,3|3,12|12,15|0,6|103,5|1,60|380,0|0,0.428,0,0.448,5.15,0,"{'sustain': 0.0, 'sostenuto': 0.0}",0.0|0.0,0,0,2.417|4.0
./mxl/16/21/QmYgtP78cxBzv4eFgaaDVYaiG7fib6Xhcoos45oSFpnbUC.mxl,False,,PSyllabus:AMEB=11(ps10); PSyllabus:NZMEB=10(ps10); PSyllabus:Piano St=9(ps10); PSyllabus:RCM=11(ps10),exam-lists,Chopin F.,Etude in F major Op 25 No 3,,"1 pitched part(s), staves 2",True,73,73,217.0,confirmed,3/4,simple,0,-1,2,20,metronome,UNKNOWN,7.26,17.68,11.67,0.995,57|101,29|82,3|3,2|4,8.57|10.41,32nd|16th,0|0,81|0,0|0,0|0,2|3,10|28,0|0,10|55,3|4,187|324,68|62,0.848,0,0.253,5.406,11,"{'sustain': 0.9589, 'sostenuto': 0.0}",0.0|0.0,0,0,4.0|4.0
./mxl/16/23/QmYh6wkAiDSjGJTFqCgKkWDHasZ8xg2AoaSVywzEFxzUNx.mxl,False,,level Level 1,beginner-methods,,Warm-Up in G,,"1 pitched part(s), staves 2",True,20,20,60.0,none,4/4 2/4 4/4 2/4,simple,3,0,0,0,none,UNKNOWN,,,,,67|81,43|57,1|0,0|0,0.0|0.0,16th|16th,0|0,0|0,0|0,0|0,4|4,12|12,0|0,0|1,1|1,8|8,0|0,0.591,0,0.0,3.916,0,"{'sustain': 0.0, 'sostenuto': 0.0}",0.0|0.0,0,0,1.5|1.5
./mxl/16/26/QmYjdUUpTqFVfu1LJinznWrRhCryfkDk8LPMGtLAnKnEcg.mxl,False,,PSyllabus:Piano St=9(ps10); PSyllabus:RCM=11(ps10),exam-lists,Chopin F.,Prelude in F minor Op 28 No 18,,"1 pitched part(s), staves 2",True,21,21,83.971,none,2/2,simple,0,-4,0,13,metronome,UNKNOWN,5.68,14.45,8.01,0.667,36|101,24|80,4|3,3|5,21.88|26.64,32nd|32nd,4|0,0|0,9|9,0|0,5|4,12|15,19|24,13|11,5|5,28|22,4|0,0.709,0,0.394,5.445,2,"{'sustain': 0.7143, 'sostenuto': 0.0}",0.0|0.0,0,0,3.75|3.0
./mxl/16/28/QmYkwGqdPV2gFv7GS3Lv59K6pvwbH7tzEbp2uPFvzBzFzz.mxl,False,,Intermediate,8notes,Mozart,"Piano Sonata No.8 in A minor, K.310/300d",,"1 pitched part(s), staves 2",True,133,133,532.0,none,4/4,simple,0,0,0,16,metronome,UNKNOWN,7.16,11.84,8.5,0.887,57|89,31|72,3|2,2|3,13.11|7.03,32nd|32nd,1|0,91|6,0|0,18|0,5|4,12|17,4|37,3|4,9|8,184|240,32|17,0.335,0,0.127,5.049,0,"{'sustain': 0.0, 'sostenuto': 0.0}",0.0|0.0,0,2,3.0|3.0
./mxl/16/29/QmYKnM8JQRTUvnGvPsrknWKmx9Rwt7R91n5NMs6j4NLYsd.mxl,False,,Advanced,8notes,Grieg,"Piano Sonata, Op.7",,"1 pitched part(s), staves 2",True,55,55,314.0,none,4/4 12/8,compound simple,1,0,0,10,metronome,UNKNOWN,1.78,3.56,2.63,0.349,48|93,26|71,4|2,3|5,9.63|12.52,16th|16th,2|0,7|0,9|17,0|0,4|3,12|28,58|40,11|46,4|3,59|162,26|28,0.406,0,0.183,5.334,0,"{'sustain': 0.8545, 'sostenuto': 0.0}",0.0|0.0,0,0,2.0|1.833
./mxl/16/29/QmYKt5HK7iCtKbgQqKUjpgukJBibWHpdNNbRJS1ZMVp86r.mxl,False,,Intermediate,8notes,Hoffman,I Must Tell Jesus,,"2 pitched part(s), staves 1+1",True,20,20,72.5,candidate,9/8,compound,0,-3,0,0,metronome,115,2.01,7.96,2.3,1.0,62|75,46|63,0|2,0|0,0.0|2.63,eighth|eighth,0|0,0|0,0|0,0|0,2|2,12|12,6|8,0|0,8|4,4|3,12|0,1.0,0,0.711,3.558,0,"{'sustain': 0.0, 'sostenuto': 0.0}",0.0|0.0,0,0,2.222|2.222
./mxl/16/30/QmYL9pBTgjiP1stspbBX5eGAkTEofyrSYf56YansXmUqEN.mxl,False,,Easy,8notes,,Rolling Downward Through the Midnight,,"2 pitched part(s), staves 1+1",True,18,18,96.0,confirmed,12/8,compound,0,-4,0,0,none,UNKNOWN,,,,,60|77,44|61,0|1,1|0,2.44|0.0,eighth|eighth,0|0,0|0,0|0,0|0,2|2,12|16,2|21,0|0,3|6,4|4,7|8,0.798,0,0.746,3.822,0,"{'sustain': 0.0, 'sostenuto': 0.0}",0.0|0.0,0,0,1.667|1.5
./mxl/16/31/QmYmqEimBSWESDV6EG4W8jvPY4QPqBSzPyhQmW5RLNoiXa.mxl,False,,Advanced,8notes,Bach,Prelude and Fugue no.8 in Eb minor BWV853 from 48 Preludes and Fugues Book 1,,"1 pitched part(s), staves 2",True,127,127,588.0,none,3/2 4/4,UNKNOWN simple,1,1,1,0,none,UNKNOWN,,,,,57|85,36|66,2|2,2|2,10.46|11.19,32nd|16th,22|7,2|0,1|0,1|0,5|5,20|19,16|8,38|2,3|3,18|38,103|23,0.432,0,0.21,5.132,0,"{'sustain': 0.0, 'sostenuto': 0.0}",0.0|0.0,0,0,2.5|1.5
./mxl/16/36/QmYpAfy9yiFrgXBRNUAPmZL7hNUEHGuzEdE82fKkZeW1gA.mxl,False,,PSyllabus:ABRSM=11(ps10); PSyllabus:AGME=10(ps10); PSyllabus:AMEB=11(ps10); PSyllabus:LCM=12(ps10); PSyllabus:NZMEB=10(ps10); PSyllabus:Piano St=9(ps10); PSyllabus:RCM=12(ps10),exam-lists,Chopin F.,Sonata No 3 in B minor Op 58,,"1 pitched part(s), staves 2",True,52,52,156.0,none,6/8,compound,0,2,1,3,none,UNKNOWN,,,,,47|96,28|67,3|3,4|4,21.98|19.07,16th|16th,0|0,0|0,0|86,2|0,4|4,12|12,68|4,14|14,3|1,73|188,29|3,0.202,0,0.273,5.203,1,"{'sustain': 0.0, 'sostenuto': 0.0}",0.0|0.0,0,0,3.5|2.667
./mxl/16/36/QmYpQfBmMeXzwcKNm8YRanBAzoroPyfHpBZkiThhAcTF2L.mxl,False,,ABRSM=4,exam-lists,Haydn,Allegro scherzando in F,,"1 pitched part(s), staves 2",True,46,45,89.5,confirmed,2/4,simple,0,-1,0,7,metronome,116.0,3.82,8.23,4.83,1.0,57|86,29|72,2|2,2|4,2.34|1.19,16th|16th,0|0,0|0,0|0,0|0,3|3,12|12,0|8,2|3,4|4,50|32,0|0,0.588,1,0.102,4.504,0,"{'sustain': 0.0, 'sostenuto': 0.0}",0.0|0.0,0,1,2.0|2.0
./mxl/16/38/QmYq4TPtLqHvSSNJTKRqGvco97CGzAhLNV4X8tySxNNAU2.mxl,False,,PSyllabus:Piano St=8(ps9); PSyllabus:RCM=11(ps9); PSyllabus:SCSM=8(ps9),exam-lists,Chopin F.,Etude in E major Op 10 No 3 Tristesse,,"1 pitched part(s), staves 2",True,22,22,43.0,confirmed,2/4,simple,0,4,0,0,sound tempo,50,3.14,9.36,3.33,1.0,56|80,35|59,0|0,2|2,2.25|1.08,16th|16th,0|0,2|0,0|0,4|0,3|4,14|12,7|1,2|1,4|4,152|30,20|17,0.765,0,0.416,4.401,0,"{'sustain': 0.0, 'sostenuto': 0.0}",0.0|0.0,0,0,7.0|4.0
./mxl/16/42/QmYsjZnB8RwNs8npM1fvM4y7VMu4vB1p9dprCohjPPv6tL.mxl,False,,ANZCA Modern=3; ANZCA Modern=5,exam-lists,,Heart and Soul,,"2 pitched part(s), staves 1+2",False,82,82,246.0,none,3/4,simple,0,0,0,0,metronome,240,2.63,6.54,3.0,1.0,64|81,53|67,1|0,0|3,0.0|0.0,quarter|quarter,0|0,0|0,0|0,0|0,3|3,7|8,0|0,0|0,3|2,5|1,0|0,,,0.0,4.035,0,"{'sustain': 0.0, 'sostenuto': 0.0}",0.0|0.0,0,0,0.333|1.0
./mxl/16/42/QmYsvuAhMmDSnFy3fyHJfxnDQVn5j6S2XBq4ZDbQkCCC7M.mxl,False,,PSyllabus:Piano St=5(ps5),exam-lists,Schumann R.,May Dearest May - op 68 no 13 E major,,"1 pitched part(s), staves 2",True,54,53,104.0,confirmed,2/4,simple,0,4,0,13,sound tempo,71,4.48,8.85,4.73,1.0,63|85,49|73,2|2,0|3,9.13|8.82,16th|16th,0|12,0|2,0|0,28|0,3|2,11|10,0|0,0|4,3|3,30|23,12|24,0.523,0,0.514,4.31,0,"{'sustain': 0.0741, 'sostenuto': 0.0}",0.245|0.2057,0,0,4.5|3.0
./mxl/16/44/QmYtP5CKb85dNm7A2rSoL4TwNBxx6z1TZht5h2kq35gGXN.mxl,False,,Intermediate,8notes,Strauss II,"Le Papillon, Op.174",,"1 pitched part(s), staves 2",True,110,110,220.015,none,2/4,simple,0,1,1,8,metronome,UNKNOWN,7.75,12.96,9.78,0.334,58|106,28|88,6|3,2|4,22.02|9.07,16th|16th,0|0,0|0,210|30,0|0,4|4,28|24,11|8,26|8,2|3,331|54,45|8,0.175,1,0.359,5.42,8,"{'sustain': 0.0, 'sostenuto': 0.0}",0.0|0.0,0,0,6.0|2.5
./mxl/16/48/QmYvtEvj46KBb8697zTdqdq3pjp6W21CxokSTbuoawB1XU.mxl,False,,PSyllabus:AMEB=10(ps9); PSyllabus:LCM=9(ps9); PSyllabus:NZMEB=9(ps9); PSyllabus:Piano St=7(ps9),exam-lists,Chopin F.,Nocturne in B major Op 9 No 3,,"1 pitched part(s), staves 2",True,9,9,48.5,confirmed,12/8,compound,0,-3,0,0,metronome,52.5,2.47,3.55,3.06,1.0,67|86,45|61,2|1,0|0,10.28|10.53,64th|eighth,0|0,0|0,0|0,0|0,2|1,8|0,0|0,2|4,2|1,24|93,1|0,0.423,0,0.365,4.301,0,"{'sustain': 0.0, 'sostenuto': 0.0}",0.0095|0.0,0,0,2.0|2.0
./mxl/16/49/QmYVMFYvyKpLVCoUu62j69jMYPD9zso8GVajrL4qLuUtau.mxl,False,,ANZCA Modern=5,exam-lists,,Make You Feel My Love,,"2 pitched part(s), staves 1+1",True,42,42,168.0,none,4/4,simple,0,3,0,0,metronome,80,2.45,5.86,2.92,1.0,52|81,40|69,4|1,0|3,3.47|5.52,16th|16th,2|8,3|0,0|0,0|0,2|4,24|24,5|2,26|43,6|4,81|13,41|42,0.531,0,0.243,4.324,0,"{'sustain': 0.0, 'sostenuto': 0.0}",0.0|0.0,0,1,1.75|2.75
./mxl/16/5/QmY63vCc7hoaanzoZd2uQSozekAJdhg6pdRL1SdEJ1yHfS.mxl,False,,level Level 1A,beginner-methods,,Jingle Bells!,,"2 pitched part(s), staves 1+2",False,33,33,132.0,none,2/2,simple,0,1,0,0,metronome,184,2.58,9.11,2.88,1.0,62|76,55|76,0|0,0|2,0.0|0.0,eighth|eighth,2|2,0|0,0|0,0|0,1|4,0|12,0|0,0|0,7|7,13|14,0|33,,,0.046,3.801,0,"{'sustain': 0.0, 'sostenuto': 0.0}",0.0|0.0,0,1,1.0|2.0
./mxl/16/5/QmY6mqCKaHEkaxGNsPYpUTmNATKcGFjvN8zVjmmAd5oVZo.mxl,False,,PSyllabus:Piano St=9(ps8),exam-lists,Chopin F.,Marche Funebre - op 72 no 2 in C minor,,"1 pitched part(s), staves 2",True,76,76,304.0,none,4/4,simple,0,-3,2,1,metronome,84,2.0,5.78,2.27,1.0,47|84,31|68,8|3,2|3,5.72|8.09,16th|16th,3|5,85|51,0|0,6|0,4|3,12|12,98|59,2|18,7|4,12|27,37|10,0.689,0,0.48,4.829,0,"{'sustain': 0.2632, 'sostenuto': 0.0}",0.0|0.0,0,0,2.5|2.0
./mxl/16/50/QmYwDQBhtRrtThNmmdkLV6wb2fgZT5A69su5xsVb9unDQT.mxl,False,,PSyllabus:AMEB=2(ps3); PSyllabus:SCSM=3(ps3),exam-lists,Lynes F.,Sonatina in C Major Op 39 No 1 - mvt 3 Rondo,,"1 pitched part(s), staves 2",True,142,142,302.0,none,2/4 3/4 3/8,simple,2,0,1,0,metronome,112,4.43,6.87,7.47,1.0,59|86,43|66,2|2,1|0,2.81|3.75,16th|eighth,0|12,0|0,0|0,0|0,3|3,9|10,0|0,0|0,5|5,74|43,0|0,0.382,0,0.083,4.457,0,"{'sustain': 0.0, 'sostenuto': 0.0}",0.0|0.0,0,2,2.5|2.0
./mxl/16/51/QmYWmUsNVG8s3soRcqYFyESsiQsQTcrE94oAZn6MjrzuGi.mxl,False,,Easy,8notes,,High Germany,,"2 pitched part(s), staves 1+2",False,24,24,88.0,confirmed,4/4,simple,0,-1,0,0,"sound tempo (120 only, possible exporter default)",UNKNOWN,,,,,60|74,52|76,0|0,1|3,0.0|0.66,eighth|eighth,6|5,0|0,0|0,0|0,1|4,0|12,0|12,0|1,4|2,6|9,0|10,,,0.099,4.541,0,"{'sustain': 0.0, 'sostenuto': 0.0}",0.0|0.0,0,0,0.875|1.75
./mxl/16/52/QmYxgSmXCWt6N5hnb7t3KaXUAjNXScx7Ce9K3e22FqgrPu.mxl,False,,PSyllabus:AMEB=8(ps8); PSyllabus:ANZCA=8(ps8); PSyllabus:GCSE=7(ps8); PSyllabus:NZMEB=9(ps8); PSyllabus:Piano St=7(ps8),exam-lists,Schumann R.,Das Abends Op 12 No 1,,"1 pitched part(s), staves 2",True,89,89,89.0,none,2/8,simple,0,-5,4,8,metronome,35,3.4,5.5,3.5,1.0,49|85,32|73,2|4,2|3,14.34|10.4,16th|16th,0|0,0|0,164|94,24|0,3|2,5|7,0|0,56|81,2|2,120|15,2|4,0.603,0,0.614,4.878,0,"{'sustain': 0.0, 'sostenuto': 0.0}",0.0|0.0,0,1,6.0|4.0
./mxl/16/56/QmYz2hYiEpfeRqGCeuJRaFiB5on1nuYdK1dawDE8MFLbeR.mxl,False,,PSyllabus:AGME=8(ps8); PSyllabus:AMEB=8(ps8),exam-lists,Bach J.S.,Partita No 1 in Bb major BWV 825 - mvt 3 Courante and mvt 4 Sarabande,,"1 pitched part(s), staves 2",True,28,28,84.0,none,3/4,simple,0,-2,0,0,metronome,46,3.5,4.65,4.28,1.0,57|82,36|65,1|2,2|2,6.77|7.63,64th|32nd,0|0,9|3,2|1,0|0,4|3,15|12,0|11,2|0,3|3,17|24,12|7,0.154,0,0.286,4.593,0,"{'sustain': 0.1071, 'sostenuto': 0.0}",0.0|0.0,0,2,5.167|1.333
./mxl/16/56/QmYztEjWTbNpQ9cabesrwpmZqpinLojGobUqbQF9DBwauW.mxl,False,,B.7,rung-suggestions,,Happy Birthday to You,,"1 pitched part(s), staves 2",True,9,9,24.0,confirmed,3/4,simple,0,1,0,0,metronome,90,5.6,10.96,6.41,1.0,62|103,36|67,7|3,0|2,0.0|0.0,32nd|16th,0|0,0|0,0|0,0|0,4|2,12|12,10|1,0|2,2|2,10|23,3|0,0.351,0,0.095,4.519,0,"{'sustain': 0.0, 'sostenuto': 0.0}",0.0|0.0,0,0,4.0|3.667
./mxl/16/57/QmYZQ4BkXea1hyd1SMUCoaQ4DSeAVzt9JEWQMMvbdKBQG9.mxl,False,,PSyllabus:AGME=6(ps6),exam-lists,Bach J.S.,English Suite No 2 in A minor BWV 807 mvt 5 Bouree No 1,,"1 pitched part(s), staves 2",True,164,164,492.0,none,3/4,simple,0,0,0,0,metronome,136,8.82,14.21,9.63,1.0,52|84,36|69,2|3,3|2,8.64|11.5,32nd|16th,0|0,2|6,0|0,8|0,3|3,20|22,6|8,9|20,6|6,132|43,46|37,0.456,0,0.157,4.922,0,"{'sustain': 0.0, 'sostenuto': 0.0}",0.0|0.0,0,0,4.0|2.333
./mxl/16/8/QmY9YSF68nyyqtvH8SCjqQQTbZYq4h1V56QdqnBf6C7ehH.mxl,False,,PSyllabus:PS=2(ps2),exam-lists,Bach J.S.,Bourre in E minor BWV 996 arr Heumann,,"2 pitched part(s), staves 1+1",True,26,26,96.0,confirmed,4/4,simple,0,1,0,0,none,UNKNOWN,,,,,62|83,50|67,1|3,0|0,14.39|13.21,16th|eighth,0|0,0|0,0|0,0|0,1|3,0|7,0|0,0|0,2|1,8|14,0|0,0.576,0,0.254,4.518,0,"{'sustain': 0.0, 'sostenuto': 0.0}",0.0|0.0,0,2,1.5|1.0
./mxl/16/9/QmYa4wRs9HwyBp5vw3BFnBaF5aAupvyS7fbhjBVb8BSTZf.mxl,False,,Intermediate,8notes,martin,God Will Take Care of You,,"2 pitched part(s), staves 1+1",True,16,16,48.0,none,6/8,compound,0,-2,0,0,metronome,95,2.05,7.65,2.24,1.0,58|74,46|60,0|1,1|0,5.93|0.0,eighth|eighth,0|0,0|0,0|0,0|0,2|2,9|12,0|8,0|0,3|5,6|5,3|9,0.968,0,0.392,3.778,0,"{'sustain': 0.0, 'sostenuto': 0.0}",0.0|0.0,0,0,2.167|2.0
./mxl/17/0/QmZ1qBZMSQgS2kxTEPFhG8vgskcJMtMCPd7umwvjjCDgP4.mxl,False,,PSyllabus:Piano St=9(ps10),exam-lists,Brahms J.,Hungarian Dance (solo piano version) No 5 in F minor WoO1,,"1 pitched part(s), staves 2",True,102,102,204.0,none,2/4,simple,0,-2,2,0,metronome,130,4.31,11.05,7.31,0.988,55|91,31|63,4|2,2|3,4.87|4.72,16th|16th,13|0,8|0,2|0,2|0,4|4,12|15,8|39,4|12,4|2,58|62,12|0,0.541,0,0.236,4.942,2,"{'sustain': 0.0, 'sostenuto': 0.0}",0.0|0.0,0,3,3.0|3.0
./mxl/17/11/QmZbJbz47SVt6G77saSfKKyKVwScuVRuh8QJyzU67X93US.mxl,False,,Intermediate,8notes,,Tom Dooley,,"1 pitched part(s), staves 2",True,8,8,32.0,none,4/4,simple,0,0,0,0,none,UNKNOWN,,,,,67|76,47|55,0|0,0|0,0.0|0.0,eighth|quarter,0|0,0|0,0|0,0|0,1|3,0|8,0|0,0|0,5|3,2|1,0|0,0.321,0,0.0,3.206,0,"{'sustain': 0.0, 'sostenuto': 0.0}",0.0|0.0,0,0,0.875|0.75
./mxl/17/11/QmZbNAMRKkgzJRW14vUZ6gMYGnmjEDgavyu5frW7bimEgu.mxl,False,,ABRSM Jazz Performance=6,exam-lists,H. Warren & M. Gordon,There Will Never Be Another You,,"2 pitched part(s), staves 1+1",True,161,161,641.0,confirmed,4/4,simple,0,-3,0,0,none,UNKNOWN,,,,,58|75,60|77,0|0,1|1,2.04|0.0,eighth|eighth,10|3,0|0,0|0,0|0,1|1,0|0,0|0,0|0,1|2,14|6,0|0,0.037,0,0.424,3.162,0,"{'sustain': 0.0, 'sostenuto': 0.0}",0.0|0.0,180,0,1.0|0.0
./mxl/17/13/QmZcUwdJEKU3DXk6fWYRkzTJ1UCC3JUxpgHymdEa2bYtpW.mxl,False,,Advanced,8notes,Chopin,Fantaisie Impromptu Op.66 in C-sharp minor,,"1 pitched part(s), staves 2",True,138,138,552.0,none,2/2 4/4 2/2,simple,2,4,2,8,metronome,162,4.87,5.92,16.2,1.0,53|100,31|76,4|3,3|4,14.98|5.6,32nd|eighth,4|0,12|0,8|228,18|0,4|4,0|14,0|33,18|38,4|2,348|384,13|5,0.177,0,0.689,5.109,6,"{'sustain': 0.9855, 'sostenuto': 0.0}",0.0|0.0,0,0,4.0|3.0
./mxl/17/15/QmZdt4a6GjmGgJMjX6LW5yW8xZXG4LFfKqDq9p5SNyPr5w.mxl,False,,Intermediate,8notes,Sumner,A Child of the King,,"2 pitched part(s), staves 1+1",True,26,26,72.0,confirmed,3/4,simple,0,-3,0,0,metronome,115,1.76,7.03,1.92,1.0,58|75,44|63,0|2,1|0,5.3|3.79,16th|16th,12|13,1|1,0|0,0|0,2|2,9|12,0|15,0|0,4|3,7|7,2|3,1.0,0,0.689,3.603,0,"{'sustain': 0.0, 'sostenuto': 0.0}",0.0|0.0,0,0,2.0|2.0
./mxl/17/17/QmZebw69299pYc7Fqdd8xyUXETMoHumsgE1RNeNzdZgZrR.mxl,False,,RCM=5,exam-lists,"Kuhlau, Friedrich","Sonatina in C Major, op. 55, no. 1: 2nd movement",,"1 pitched part(s), staves 2",True,179,179,422.0,none,4/4 3/8,simple,1,0,2,12,metronome,120,3.34,5.84,4.22,1.0,55|96,43|76,4|2,2|2,7.88|1.58,16th|16th,10|0,2|0,3|3,0|0,3|4,9|12,0|0,5|3,4|4,32|48,0|0,0.369,0,0.078,4.714,1,"{'sustain': 0.0, 'sostenuto': 0.0}",0.0246|0.0157,0,2,2.0|2.0
./mxl/17/17/QmZemC7gWAYDe4okFcu2wxmEeipCEE94dyUrzSwmuMgG5x.mxl,False,,Advanced,8notes,Liszt,"Apparitions, S.155",,"1 pitched part(s), staves 2",True,95,95,567.0,none,6/4 3/4 6/4,UNKNOWN simple,2,6,2,36,metronome,UNKNOWN,4.36,8.82,9.12,0.996,45|101,30|82,6|3,2|4,23.38|11.89,32nd|32nd,0|0,0|0,61|21,29|1,4|4,13|17,55|5,27|136,8|28,25|144,35|53,0.572,4,0.57,5.542,14,"{'sustain': 0.9474, 'sostenuto': 0.0}",0.0|0.0,0,0,2.667|2.667
./mxl/17/19/QmZff9fTcDAENh43naGPWS3mKEXGMWprjpmkvmrmiqU8ED.mxl,False,,PSyllabus:AMEB=11(ps10); PSyllabus:NZMEB=10(ps10); PSyllabus:Piano St=9(ps10); PSyllabus:RCM=12(ps10),exam-lists,Chopin F.,Etude in Db major Op 25 No 8,,"1 pitched part(s), staves 2",True,36,36,144.0,none,4/4,simple,0,-5,0,18,metronome,138,6.37,23.89,6.9,1.0,54|97,30|77,5|4,2|3,20.57|5.77,eighth|eighth,0|0,0|0,141|128,0|0,4|3,26|16,0|37,1|15,2|1,324|136,3|1,0.932,0,0.685,5.204,2,"{'sustain': 0.7222, 'sostenuto': 0.0}",0.0|0.0,0,0,6.0|5.5
./mxl/17/2/QmZ31v5ggoN6i7BuE9UwK7aiovN1bxAWaePNCfBLnqher8.mxl,False,,Intermediate,8notes,,O Holy Night,,"1 pitched part(s), staves 2",True,96,96,288.0,none,6/8,compound,0,4,2,2,metronome,90,3.12,4.09,3.88,1.0,56|85,39|61,2|1,2|1,1.17|0.21,16th|16th,0|0,0|0,19|0,0|0,1|1,0|0,0|0,1|0,4|4,6|324,1|7,0.312,0,0.431,4.231,0,"{'sustain': 0.0, 'sostenuto': 0.0}",0.0|0.0,0,1,1.333|2.0
./mxl/17/20/QmZFau8eVC8urSQozHRpk1KkyvXscc1aiYMVVAmS67wr16.mxl,False,,Intermediate,8notes,,Wayfaring Stranger,,"2 pitched part(s), staves 1+2",False,60,60,181.0,none,3/4 4/4 3/4,simple,2,1,0,0,metronome,70,2.14,6.73,2.6,1.0,62|76,54|88,0|3,0|3,0.0|0.0,eighth|eighth,33|33,0|0,0|4,0|0,1|3,0|12,0|5,0|1,2|3,4|21,0|10,,,0.03,3.973,0,"{'sustain': 0.0, 'sostenuto': 0.0}",0.0|0.0,0,0,1.333|3.333
./mxl/17/22/QmZGc9nRyAXHadwAktdqQwXyyDkA8P4Z5EDsswBhtkuYtq.mxl,False,,Intermediate,8notes,Domenico Scarlatti,"Keyboard Sonata in G minor, K.111",,"1 pitched part(s), staves 2",True,55,55,330.0,none,12/8,compound,0,-2,0,0,sound tempo,206,4.94,7.94,6.24,1.0,57|86,31|69,2|3,2|3,15.31|10.2,eighth|eighth,0|0,0|0,0|0,3|0,5|3,12|12,0|2,14|16,2|1,30|16,2|8,0.31,1,0.252,4.957,0,"{'sustain': 0.0, 'sostenuto': 0.0}",0.0|0.0,0,2,1.667|1.167
./mxl/17/24/QmZHsbKJkzKvFKmcW2BMk1TRGwuU1VpRJvgT9LebzTr63M.mxl,False,,PSyllabus:AMEB=11(ps9); PSyllabus:GCSE=8(ps9); PSyllabus:Piano St=8(ps9),exam-lists,Chopin F.,Mazurka in C minor Op 30 No 4 CT 71,,"1 pitched part(s), staves 2",True,139,139,417.0,none,3/4,simple,0,4,0,0,metronome,UNKNOWN,2.42,7.06,3.64,0.813,49|98,30|69,6|3,4|4,17.71|14.14,32nd|16th,15|4,24|17,12|0,19|0,3|4,12|16,1|12,8|34,4|4,14|35,48|20,0.604,0,0.629,5.134,0,"{'sustain': 0.7194, 'sostenuto': 0.0}",0.0|0.0,0,0,2.667|2.0
./mxl/17/25/QmZiUaj5UMfMXdcbFM4BQPzdXomp8MPGS8U7CwguWE6mbo.mxl,False,,section II.5,piano-aio-dummies-candidates,,I've Been Working on the Railroad,,"1 pitched part(s), staves 2",True,52,52,104.0,none,2/4,simple,0,-5,0,0,metronome,64,3.05,9.52,4.16,1.0,54|85,32|66,2|3,2|3,2.41|2.63,16th|eighth,0|0,7|0,0|0,0|0,4|3,12|12,0|114,0|30,4|1,7|71,0|0,0.545,0,0.73,4.564,0,"{'sustain': 0.0, 'sostenuto': 0.0}",0.0|0.0,0,0,3.0|5.0
./mxl/17/25/QmZifudH59xFY9xYBDQ5CE6t2S49vZK5h12xjzpGEFpFDV.mxl,False,,Advanced,8notes,Mussorgsky,Memories of Childhood,,"1 pitched part(s), staves 2",True,365,365,754.0,none,3/8 4/4,simple,1,2,2,18,metronome,170,4.15,8.65,11.33,1.0,56|103,28|90,4|5,2|10,14.71|14.07,16th|16th,30|7,0|0,1|0,3|3,4|3,14|16,67|52,16|60,3|4,124|80,115|41,0.443,19,0.276,5.264,5,"{'sustain': 0.1425, 'sostenuto': 0.0}",0.0|0.0,0,0,2.667|2.0
./mxl/17/26/QmZjq49N3CDGkGuSc9zpvy13byPQgzRpgb6BPgAE2U6pxA.mxl,False,,PSyllabus:PS=8(ps8),exam-lists,Chaminade C.,La Lisonjera Op 50,,"1 pitched part(s), staves 2",True,95,95,377.5,candidate,2/2,simple,0,-6,0,28,metronome,106,4.0,8.43,5.66,1.0,56|90,27|77,4|3,2|4,8.03|6.57,16th|eighth,50|0,0|0,49|3,20|4,6|4,29|16,0|49,18|91,14|4,36|25,51|49,0.355,0,0.752,4.82,0,"{'sustain': 0.8421, 'sostenuto': 0.0}",0.0|0.0,0,0,2.5|1.75
./mxl/17/26/QmZjz6EuyUKYTfqSDQRc1fds8dnV1vCTPS8yYuHaKaa5bU.mxl,False,,Intermediate,8notes,Tchaikovsky,Children's Album (Album for the Young) Op.39,,"1 pitched part(s), staves 2",True,1076,1076,2436.0,none,3/4 2/4 3/8 3/4 2/4 3/4 3/8 3/4 2/4 3/8 2/4 3/4 2/4 6/8 3/4 2/4,compound simple,15,1,17,50,sound tempo,60,2.86,6.72,10.0,1.0,54|100,38|79,4|3,3|3,8.05|7.35,16th|16th,86|11,106|23,45|0,51|5,4|4,12|12,0|8,4|17,14|48,214|214,184|258,0.481,7,0.274,5.083,5,"{'sustain': 0.0, 'sostenuto': 0.0}",0.0|0.0,0,3,2.0|2.0
./mxl/17/27/QmZJVpb2BDc3u2xW7fVfkWEmyLg1G4GwBgFfPuxyD1BoYb.mxl,False,,ABRSM=4,exam-lists,Haydn,Allegro scherzando in F,,"2 pitched part(s), staves 1+1",True,46,46,88.0,confirmed,2/4,simple,0,-1,0,0,metronome,70,2.36,5.04,2.92,1.0,57|86,29|72,2|4,2|4,1.9|1.16,16th|16th,0|0,0|0,0|0,0|0,3|3,12|12,0|8,2|3,4|4,52|35,0|0,0.579,0,0.105,4.515,0,"{'sustain': 0.0, 'sostenuto': 0.0}",0.0|0.0,0,1,2.0|2.0
./mxl/17/29/QmZKna9E8zfnV3rG3KeNafWy2rqXcBiaQwxci1Z8BjuTNH.mxl,False,,PSyllabus:Piano St=4(ps3); PSyllabus:SCSM=2(ps3),exam-lists,Schumann R.,The Poor Orphan - op 68 no 6 A minor,,"1 pitched part(s), staves 2",True,34,34,64.5,confirmed,2/4,simple,0,0,0,9,sound tempo,46,1.64,4.5,1.89,1.0,64|79,52|72,0|3,0|3,6.73|7.51,32nd|16th,0|0,3|9,0|0,0|0,2|2,10|12,0|12,0|0,2|1,7|7,3|14,0.696,0,0.079,3.829,0,"{'sustain': 0.0, 'sostenuto': 0.0}",0.1716|0.1603,0,0,3.5|2.75
./mxl/17/32/QmZMSZVTRE6kLNgMvyM32asyjqaN5uEdAjApBGzkY67g3Z.mxl,False,,Trinity=7,exam-lists,Ryuichi Sakamoto,"Merry Christmas, Mr Lawrence (Ryuichi Sakamoto)",,"1 pitched part(s), staves 2",True,95,95,412.0,none,12/8 4/4,compound simple,1,-5,0,1,metronome,105,2.89,7.31,3.83,1.0,53|101,29|77,3|4,3|4,1.57|0.65,16th|16th,4|2,0|0,0|0,21|0,4|5,12|12,19|5,5|17,7|7,196|47,1|0,0.45,0,0.672,4.85,4,"{'sustain': 0.1684, 'sostenuto': 0.0}",0.0|0.0,0,0,2.0|1.5
./mxl/17/32/QmZMwN2GDf3DQvMjrdRVsiMuZLqbaVG5mddQqsCAvqACN7.mxl,False,,ANZCA Modern=2; ANZCA Modern=6,exam-lists,,Georgia on My Mind,,"1 pitched part(s), staves 2",True,32,32,128.0,none,4/4,simple,0,-1,0,0,metronome,90,1.27,3.27,1.69,1.0,62|76,43|56,0|0,0|0,1.92|10.58,eighth|half,1|0,0|0,0|0,0|0,1|4,0|10,0|0,0|0,4|1,8|28,0|0,0.361,0,0.125,3.955,0,"{'sustain': 0.0, 'sostenuto': 0.0}",0.0|0.0,57,0,0.75|1.5
./mxl/17/33/QmZnFoFBvkxaSFZGNvwTiTQHLyDb5c9fbqdujySrZriKPn.mxl,False,,Intermediate,8notes,Johnson,Lift Every Voice and Sing,,"2 pitched part(s), staves 1+1",True,32,32,93.5,confirmed,6/8,compound,0,1,0,0,none,UNKNOWN,,,,,59|76,43|66,0|2,1|0,8.59|10.45,eighth|16th,0|0,0|0,0|0,0|0,3|2,12|16,4|8,0|0,4|4,9|10,14|12,0.931,0,0.189,4.352,0,"{'sustain': 0.0, 'sostenuto': 0.0}",0.0|0.0,0,0,2.167|2.0
./mxl/17/37/QmZP46gSjSaZ1wbg6dn8yHYw8K66T2gzF3YhocxdmQapko.mxl,False,,PSyllabus:PS=8(ps8),exam-lists,Schubert F.,12 Gratzer Walzer D 924,,"1 pitched part(s), staves 2",True,16,16,48.0,none,3/4,simple,0,0,0,0,metronome,100,1.94,7.6,2.08,1.0,61|96,40|65,2|2,1|1,8.33|8.11,eighth|quarter,0|0,0|0,0|0,0|0,3|4,12|10,2|0,0|2,2|2,8|47,1|0,0.786,0,0.1,4.777,1,"{'sustain': 0.0, 'sostenuto': 0.0}",0.0|0.0,0,2,2.667|2.333
./mxl/17/37/QmZPTixGZBYzQL3tR47884doHRpdpAt4C9PwZRPijL6sRv.mxl,False,,Easy,8notes,,"Come, Thou Fount of Every Blessing",,"1 pitched part(s), staves 2",True,19,19,55.0,confirmed,3/4,simple,0,-3,0,0,sound tempo,120,2.33,8.49,3.0,1.0,58|75,43|63,0|2,1|0,0.0|0.0,16th|eighth,0|0,0|0,0|0,0|0,2|2,9|15,0|10,0|0,2|2,4|4,2|0,0.969,0,0.641,3.651,0,"{'sustain': 0.0, 'sostenuto': 0.0}",0.0|0.0,0,1,2.667|2.667
./mxl/17/38/QmZq95t9yu9JmYP47Hksx9aXGvrmxJ6KZfrWshwAetiuas.mxl,False,,Intermediate,8notes,Zequinha Abreu,Tico-Tico no fuba,,"1 pitched part(s), staves 2",True,56,56,112.0,none,2/4,simple,0,0,2,0,metronome,100,5.95,11.85,6.67,1.0,55|88,28|64,3|2,2|4,10.17|8.94,32nd|16th,0|0,0|24,0|0,0|0,4|3,12|12,26|60,11|19,2|2,80|7,0|0,0.463,1,0.197,5.2,0,"{'sustain': 0.0, 'sostenuto': 0.0}",0.0|0.0,0,3,4.0|3.0
./mxl/17/41/QmZR6JdDCEJPQhWewEALxwFS3XkpueuzHMPxPdM7zJRJvu.mxl,False,,Advanced,8notes,Scott Joplin,The Easy Winners (A Rag Time Two Step),,"1 pitched part(s), staves 2",True,94,94,188.0,none,2/4,simple,0,-4,1,0,sound tempo,72,3.97,9.86,4.8,1.0,55|85,32|67,2|3,2|3,9.07|6.13,16th|16th,0|0,8|0,0|0,0|0,4|4,16|12,24|177,2|34,3|3,38|51,19|1,0.392,0,0.634,4.993,0,"{'sustain': 0.0, 'sostenuto': 0.0}",0.0255|0.0191,0,4,4.5|4.0
./mxl/17/41/QmZRCCXDkEqkTc9rUxWB3Zsf2fhQQuDj1q8iqn12Q3GnMc.mxl,False,,PSyllabus:RCM=9(ps7),exam-lists,Arlen H.,Over the rainbow arr. Shearing,,"2 pitched part(s), staves 1+1",True,25,25,100.0,none,4/4,simple,0,1,0,0,metronome,90,1.81,5.67,2.34,1.0,64|81,67|78,1|0,0|0,4.55|3.09,eighth|quarter,0|0,0|0,0|0,0|0,1|3,0|9,0|0,0|0,2|12,17|96,0|0,0.521,0,0.132,2.97,0,"{'sustain': 0.0, 'sostenuto': 0.0}",0.0|0.0,50,1,0.5|3.0
./mxl/17/43/QmZSs3Wcn9AnxDC6jyeiy7iNk3JriXicmAVjLvA5V2g71H.mxl,False,,Advanced,8notes,Schumann,"Etudes after Paganini Caprices, Op.3",,"1 pitched part(s), staves 2",True,112,112,222.5,confirmed,2/4,simple,0,4,4,6,sound tempo,90,5.4,11.24,12.0,1.0,55|101,31|81,5|4,2|3,5.31|6.42,32nd|32nd,4|6,1|1,2|1,16|101,3|4,14|12,23|16,19|38,3|2,15|31,27|23,0.377,0,0.268,5.026,6,"{'sustain': 0.0179, 'sostenuto': 0.0}",0.0|0.0,0,0,5.0|3.0
./mxl/17/49/QmZVQFm2Uk8r1SLDZSLrQwVBgKAjT1uEecBEu5JaiTS4G8.mxl,False,,PSyllabus:AMEB=7(ps7); PSyllabus:ANZCA=7(ps7); PSyllabus:Piano St=7(ps7); PSyllabus:RIAM=9(ps7),exam-lists,Mozart W.,12 Variations on Twinkle twinkle (Ah vous dirai-je maman) - K 265 C major,,"1 pitched part(s), staves 2",True,325,325,686.0,none,2/4 3/4,simple,1,0,2,8,metronome,120,5.79,8.95,8.5,1.0,59|89,29|72,3|3,1|4,7.27|10.05,32nd|16th,0|0,24|15,45|46,21|0,4|4,12|26,1|70,30|41,5|8,96|188,93|39,0.287,7,0.074,4.97,0,"{'sustain': 0.0, 'sostenuto': 0.0}",0.0|0.0,0,26,2.5|2.0
./mxl/17/49/QmZVhfXtqtjgk9W4G6R83wRyycvtZcGuLi5oo8S83iEfV3.mxl,False,,Easy,8notes,Gounod,Ave Maria,,"2 pitched part(s), staves 1+2",False,41,41,164.0,none,4/4,simple,0,1,0,0,metronome,66,4.22,5.04,4.4,1.0,62|83,55|76,1|0,0|2,1.61|1.18,16th|16th,6|0,0|0,0|0,0|0,2|3,4|8,0|0,0|2,2|3,11|14,0|1,,,0.124,4.592,0,"{'sustain': 0.9024, 'sostenuto': 0.0}",0.0|0.0,0,0,0.75|2.5
./mxl/17/49/QmZVy7EZ7nTDjKrLFPsawgpGD9vbZzSPUVy9mwovEiu4iz.mxl,False,,PSyllabus:ABRSM=10(ps10); PSyllabus:AGME=10(ps10); PSyllabus:AMEB=11(ps10); PSyllabus:LCM=11(ps10); PSyllabus:NZMEB=10(ps10); PSyllabus:Piano St=9(ps10),exam-lists,Rachmaninoff S.,Etude-tableau in A minor No 2 from Etudes-tableaux Op39,,"1 pitched part(s), staves 2",True,140,140,426.0,none,3/4 4/4 3/4,simple,2,0,0,76,metronome,46,3.23,4.44,5.83,0.998,25|95,24|79,5|3,3|5,21.94|18.88,eighth|eighth,9|0,0|0,42|375,20|0,5|4,14|16,0|2,96|87,3|6,45|239,25|74,0.146,0,0.216,5.166,4,"{'sustain': 0.0, 'sostenuto': 0.0}",0.0|0.0,0,0,1.333|3.333
./mxl/17/5/QmZ6w4evm31UCVM8hEdZdfWDAGwwoMuwz3BnVVW9WCbkYh.mxl,False,,PSyllabus:ABRSM=4(ps4); PSyllabus:AMEB=4(ps4); PSyllabus:GCSE=4(ps4); PSyllabus:NZMEB=4(ps4); PSyllabus:Piano St=5(ps4); PSyllabus:RCM=7(ps4); PSyllabus:RIAM=6(ps4); PSyllabus:SCSM=4(ps4),exam-lists,Bach J.S.,2-Part Invention No 1 in C major BWV 772,,"1 pitched part(s), staves 2",True,22,22,88.0,none,4/4,simple,0,0,0,2,sound tempo,65,4.12,5.64,4.33,1.0,60|84,36|70,2|2,1|2,5.71|5.86,32nd|16th,0|0,1|2,0|0,0|0,3|2,8|12,0|1,0|2,2|1,32|32,0|0,0.358,0,0.074,4.679,0,"{'sustain': 0.0, 'sostenuto': 0.0}",0.2058|0.19,0,0,2.5|2.375
./mxl/17/50/QmZwBQqA2jm7eN5t9EVLQKR4Aevu3QzMmfYwgBLw2cyS1C.mxl,False,,Advanced,8notes,Schumann,"6 Concert Etudes after Paganini Caprices, Op.10",,"1 pitched part(s), staves 2",True,93,93,279.0,none,6/8,compound,0,2,0,16,metronome,120,7.73,14.78,8.0,1.0,54|98,30|84,5|3,3|4,21.18|21.97,16th|16th,0|0,0|0,0|0,6|1,5|4,34|16,61|6,77|60,2|7,168|111,17|36,0.438,0,0.375,5.341,1,"{'sustain': 0.043, 'sostenuto': 0.0}",0.0|0.0,0,0,4.0|3.333
./mxl/17/50/QmZwo2Muh2rip4gGET7fkkXFgaLQiK6kc6p89ssZbqysxB.mxl,False,,Intermediate,8notes,Beethoven,"Joyful, Joyful, We Adore You",,"1 pitched part(s), staves 2",True,16,16,64.0,none,2/2,simple,0,1,0,0,none,UNKNOWN,,,,,61|74,43|62,0|1,1|0,4.96|0.82,eighth|eighth,3|3,0|0,0|0,0|0,2|2,12|16,2|11,0|0,3|6,12|16,1|4,0.969,0,0.074,3.979,0,"{'sustain': 0.0, 'sostenuto': 0.0}",0.0|0.0,0,0,2.0|2.0
./mxl/17/51/QmZWJJN5kk7AyXe7ZD2tBfamirHj3Z9eqquQ89PedtdaH9.mxl,False,,Easy,8notes,Dorn,"Waltz Facile, Guitar Album, Op.27",,"2 pitched part(s), staves 1+1",False,100,97,288.0,confirmed,3/4,simple,0,2,1,0,metronome,184,3.01,9.7,5.37,1.0,40|76,40|76,3|0,3|0,5.61|5.65,eighth|eighth,7|7,0|0,0|0,0|0,6|6,29|29,3|3,29|29,4|4,36|36,96|95,,,0.198,4.313,0,"{'sustain': 0.0, 'sostenuto': 0.0}",0.0305|0.0,0,1,1.667|1.667
./mxl/17/51/QmZWQbVD4e5eM8Vf9LRos1TmF8HFbg7QfTWm8EhjZTjD9n.mxl,False,,PSyllabus:AMEB=10(ps10); PSyllabus:NZMEB=9(ps10); PSyllabus:Piano St=8(ps10); PSyllabus:RCM=11(ps10),exam-lists,Brahms J.,Ballade in D major Op 10 No 2,,"1 pitched part(s), staves 2",True,150,149,638.0,none,4/4 6/4 4/4,UNKNOWN simple,2,2,4,7,metronome,UNKNOWN,3.22,8.13,5.37,0.489,48|91,23|66,4|2,4|6,12.75|12.12,16th|16th,13|1,0|0,22|8,128|0,8|5,17|36,55|131,9|22,4|8,121|78,19|56,0.403,0,0.418,5.4,0,"{'sustain': 0.1067, 'sostenuto': 0.0}",0.0|0.0,0,0,2.0|1.25
./mxl/17/52/QmZxx1yzTynEMJSaBUhmaNnJ4z5vSDS6wenvX8FiuybMve.mxl,False,,Intermediate,8notes,Charles H. Gabriel,In Loving-Kindness Jesus Came,,"2 pitched part(s), staves 1+1",True,18,18,49.5,confirmed,3/4,simple,0,1,0,0,none,UNKNOWN,,,,,59|76,43|62,0|1,1|0,2.26|0.0,eighth|eighth,12|13,0|0,0|0,0|0,2|3,11|16,0|17,0|0,2|8,8|8,4|4,1.0,0,0.089,3.881,0,"{'sustain': 0.0, 'sostenuto': 0.0}",0.0|0.0,0,0,2.667|2.667
./mxl/17/53/QmZXA3Gq3kNCFhSGCWXHQ4GCmcj4m2aQtANSHadW65X7e1.mxl,False,,RCM=4,exam-lists,"Bach, Johann Sebastian","Musette, from English Suite No. 3 in G Minor, BWV 808",,"1 pitched part(s), staves 2",True,422,422,1217.5,none,3/8 4/4 3/2 3/4 2/2 12/8,UNKNOWN compound simple,5,-2,2,14,metronome,114,5.68,9.45,7.92,1.0,54|84,33|75,2|3,3|3,13.82|15.35,64th|64th,12|3,22|0,1|0,17|0,4|4,16|21,4|5,7|59,5|18,54|47,216|119,0.453,1,0.281,5.086,0,"{'sustain': 0.0, 'sostenuto': 0.0}",0.0|0.0,0,14,3.0|2.0
./mxl/17/54/QmZy4ZR3YFGv5wffKZpBZCTwDQimjsc3NUUpVJytYbMLEy.mxl,False,,Advanced,8notes,Debussy,Suite Bergamasque I. Prelude,,"1 pitched part(s), staves 2",True,89,89,356.0,none,4/4,simple,0,-1,0,44,metronome,UNKNOWN,2.83,5.51,4.67,0.806,48|94,24|90,5|3,2|5,7.7|5.87,32nd|16th,1|1,0|0,3|0,4|0,4|5,12|19,17|34,18|48,3|2,75|16,70|46,0.335,0,0.161,5.144,0,"{'sustain': 0.0, 'sostenuto': 0.0}",0.0|0.0,0,0,3.25|2.0
./mxl/17/54/QmZyi8gtK8quGzsGtM4jr8Nkrk3jswuCLTf1ASKo4My9Uj.mxl,False,,PSyllabus:Piano St=5(ps6); PSyllabus:SCSM=6(ps6),exam-lists,Czerny C.,Study - op 849 no 26 G minor,,"1 pitched part(s), staves 2",True,36,36,72.0,none,2/4,simple,0,-2,0,6,metronome,92,8.77,14.91,9.2,1.0,55|98,38|74,4|2,2|2,5.98|8.51,16th|16th,0|0,0|0,69|10,0|0,4|4,9|10,0|0,2|3,5|4,312|48,0|24,0.396,0,0.246,4.918,3,"{'sustain': 0.0, 'sostenuto': 0.0}",0.0|0.0,0,2,6.0|3.75
./mxl/2/0/Qmc1fUWeRjqbJjMqjS4uBmDdyo1GcgDUhRiavhNan899QX.mxl,False,,Beginner,8notes,,The Star Spangled Banner,,"1 pitched part(s), staves 2",True,26,26,104.0,unknown,,,0,0,0,0,none,UNKNOWN,,,,,60|79,40|57,0|0,1|1,2.91|0.0,16th|half,0|0,0|0,0|0,0|0,1|2,0|7,0|0,1|0,3|3,5|50,0|0,0.394,0,0.015,4.188,0,"{'sustain': 0.0, 'sostenuto': 0.0}",0.0|0.0,0,0,1.0|1.0
./mxl/2/11/QmcbunzedZKdrjB2kFsMhu9EJJASoEdr2gurmDYgByVA1Z.mxl,False,,PSyllabus:ABRSM=7(ps7); PSyllabus:AMEB=7(ps7); PSyllabus:ANZCA=7(ps7); PSyllabus:NZMEB=7(ps7); PSyllabus:Piano St=7(ps7),exam-lists,Mendelssohn F.,Lied ohne Worte (No 3 from Lieder ohne Worte Op 102),,"1 pitched part(s), staves 2",True,65,65,195.0,none,6/8,compound,0,0,0,2,metronome,189,6.17,13.65,6.3,1.0,48|84,29|66,2|2,2|4,7.39|5.92,eighth|eighth,0|0,0|0,0|0,4|0,4|4,12|12,3|9,0|9,2|3,74|31,22|4,0.377,1,0.09,4.635,0,"{'sustain': 0.0923, 'sostenuto': 0.0}",0.0|0.0,0,0,2.0|2.0
./mxl/2/15/QmcdbsHc5YAcM8uo34753p6JrPsutPMF8P8K3zTknarxBV.mxl,False,,ANZCA Modern=3,exam-lists,,He’s a Pirate,,"1 pitched part(s), staves 2",True,48,48,279.0,none,12/8 3/4 12/8,compound simple,2,-1,0,2,sound tempo,187,4.49,10.79,5.58,1.0,45|84,26|60,2|1,3|4,1.34|0.61,eighth|eighth,0|0,0|0,0|0,0|0,4|3,12|12,2|26,0|0,25|5,5|39,0|0,0.311,0,0.092,4.79,8,"{'sustain': 0.0, 'sostenuto': 0.0}",0.0|0.0,0,0,2.667|1.167
./mxl/2/16/QmcDKU98adBY3Vtffgk2iDgC6HqB3wSvX3CHLMqVdWnC6v.mxl,False,,Intermediate,8notes,Sweney,More About Jesus,,"2 pitched part(s), staves 1+1",True,16,16,48.0,none,6/8,compound,0,-4,0,0,metronome,98,2.04,8.17,2.18,1.0,60|75,44|61,0|1,1|0,0.0|0.0,16th|16th,0|0,0|0,0|0,0|0,2|2,12|12,8|15,0|0,4|9,3|3,0|3,1.0,0,0.75,3.658,0,"{'sustain': 0.0, 'sostenuto': 0.0}",0.0|0.0,0,0,2.333|2.333
./mxl/2/17/QmceUd7T4GgvzX3Mr39Dfi21xmVRtcw6FEtRCPELBWy25f.mxl,False,,Advanced,8notes,Bizet,Carmen Overture (Prelude),,"2 pitched part(s), staves 2+2",False,119,119,238.0,none,2/4,simple,0,3,2,10,sound tempo,132,4.98,18.46,8.25,1.0,56|92,33|65,4|2,2|3,5.98|10.0,32nd|16th,1|0,12|0,0|3,20|0,4|4,12|12,20|129,0|0,4|11,22|30,15|0,,,0.206,5.229,1,"{'sustain': 0.0, 'sostenuto': 0.0}",0.0|0.0,0,1,2.0|2.0
./mxl/2/2/Qmc32HE7LJp4vS26SSCarXsDbhxDUa7X8PS1QiEcUbdND8.mxl,False,,Easy,8notes,Grape,I Hear the Savior Say,,"2 pitched part(s), staves 1+1",True,17,17,48.0,confirmed,3/4,simple,0,-3,0,0,none,UNKNOWN,,,,,58|75,46|63,0|2,1|0,0.0|1.01,eighth|eighth,8|8,0|0,0|0,0|0,2|2,12|12,1|22,0|0,3|3,5|5,3|3,1.0,0,0.685,3.439,0,"{'sustain': 0.0, 'sostenuto': 0.0}",0.0|0.0,0,0,2.667|2.667
./mxl/2/2/Qmc3MuLZ8Q4UU2PAMjmcpqZwYFcvvoujXAgkkmsKW7914p.mxl,False,,PSyllabus:AGME=5(ps6); PSyllabus:Piano St=6(ps6); PSyllabus:RCM=8(ps6); PSyllabus:Trinity=7(ps6),exam-lists,Mendelssohn F.,Andante sostenuto - op 72 no 2 Eb major,,"1 pitched part(s), staves 2",True,41,41,82.0,none,2/4,simple,0,-3,0,0,metronome,40,2.47,4.25,2.95,0.988,55|80,31|68,1|3,2|3,10.88|5.18,32nd|16th,0|0,10|0,0|0,1|0,3|2,12|12,0|6,0|1,3|5,42|120,14|13,0.457,0,0.596,4.317,0,"{'sustain': 0.0, 'sostenuto': 0.0}",0.0|0.0,0,0,3.5|3.5
./mxl/2/21/QmcgB3DYZQbaR69BEWWBMmhjHsjv8sYP5XwRbfCDWAaYS8.mxl,False,,ANZCA Modern=2; ANZCA Modern=8,exam-lists,,Waltzing Matilda,,"1 pitched part(s), staves 2",True,16,16,64.0,none,4/4,simple,0,2,0,0,sound tempo,114,2.73,4.51,2.97,1.0,57|74,49|59,0|0,2|0,0.0|0.0,eighth|quarter,0|0,0|0,0|0,0|0,1|2,0|8,0|0,0|0,4|4,6|24,0|4,0.446,0,0.276,3.519,0,"{'sustain': 0.0, 'sostenuto': 0.0}",0.1648|0.087,0,0,1.5|0.875
./mxl/2/21/QmcgPrR41ikm5Ci6ABVf4r58KCVov3VKepGZTgAnGRCoPD.mxl,False,,PSyllabus:AMEB=5(ps5); PSyllabus:NZMEB=5(ps5); PSyllabus:Piano St=5(ps5); PSyllabus:RCM=8(ps5); PSyllabus:SCSM=6(ps5),exam-lists,Bach J.S.,Invention No 5 in Eb major BWV 776,,"1 pitched part(s), staves 2",True,32,32,128.0,none,4/4,simple,0,-3,0,0,metronome,88,5.73,8.39,5.87,1.0,62|84,39|65,2|2,0|1,6.8|6.51,32nd|16th,0|0,0|0,0|0,1|0,1|1,0|0,0|0,1|2,1|2,64|80,0|0,0.464,0,0.441,4.874,0,"{'sustain': 0.0, 'sostenuto': 0.0}",0.2493|0.1745,0,0,2.5|4.0
./mxl/2/21/QmcgjQVzWTS3bA51emSjoVANNB8B6uCZ6mQMA5qG7jbKWD.mxl,False,,PSyllabus:AMEB=11(ps10); PSyllabus:NZMEB=10(ps10); PSyllabus:Piano St=9(ps10); PSyllabus:RCM=12(ps10),exam-lists,Chopin F.,Etude in A minor Op 25 No 11,,"1 pitched part(s), staves 2",True,96,96,398.0,none,2/2,simple,0,0,0,17,metronome,UNKNOWN,3.08,4.56,4.0,0.985,56|101,24|86,5|4,2|5,25.54|20.72,16th|16th,0|0,5|32,304|123,0|1,5|4,14|33,0|108,40|100,4|4,416|96,0|35,0.276,0,0.236,5.852,29,"{'sustain': 0.7188, 'sostenuto': 0.0}",0.0|0.0,0,0,6.0|3.0
./mxl/2/22/QmcGMritNExjUGrwx4M49g5wn2icrqDSH3rCmqk73yofqo.mxl,False,,Easy,8notes,,Ding Dong Merrily on High,,"1 pitched part(s), staves 2",True,65,65,260.0,none,4/4,simple,0,0,1,6,metronome,UNKNOWN,3.63,10.37,4.8,0.362,52|91,34|79,4|3,2|3,0.58|0.59,16th|eighth,21|0,7|0,1|0,0|0,4|4,12|12,63|21,3|52,2|2,28|70,8|2,0.55,2,0.082,4.934,0,"{'sustain': 0.5692, 'sostenuto': 0.0}",0.0|0.0,0,0,2.75|1.5
./mxl/2/22/QmcGZzeY6UF3xg8vL9JHv1G8k4zN3s5zY5VnHA8DCSrQkK.mxl,False,,PSyllabus:AGME=9(ps9); PSyllabus:AMEB=10(ps9); PSyllabus:GCSE=8(ps9); PSyllabus:NZMEB=9(ps9); PSyllabus:Piano St=9(ps9),exam-lists,Scriabin A.,Etude in C minor Op 2 No 1,,"1 pitched part(s), staves 2",True,45,45,135.0,none,3/4,simple,0,4,3,0,metronome,80,3.03,10.99,4.56,1.0,52|87,34|71,3|4,3|3,4.65|6.79,16th|16th,0|1,22|3,2|0,12|0,4|4,15|16,2|24,0|13,7|27,48|66,38|33,0.824,0,0.665,4.83,0,"{'sustain': 0.0, 'sostenuto': 0.0}",0.0|0.0,0,0,5.333|2.667
./mxl/2/27/QmcJnpCN6cz8sgQEbEPawNrDd9UTKV3GsdshVVQB3HSjEE.mxl,False,,PSyllabus:PS=7(ps7),exam-lists,Lyadov A.,Prelude in B minor Op 11 No 1,,"1 pitched part(s), staves 2",True,78,78,156.0,none,2/4,simple,0,2,0,6,metronome,UNKNOWN,3.26,6.42,4.87,0.696,50|93,33|95,4|5,2|3,6.65|10.09,32nd|16th,3|2,0|0,44|109,0|0,3|3,14|16,16|16,2|21,7|2,24|150,28|10,0.163,1,0.334,4.795,0,"{'sustain': 0.8718, 'sostenuto': 0.0}",0.0|0.0,0,0,2.0|6.0
./mxl/2/3/Qmc42cgofgHnCDDG613AcmEpJ95ch7WBt5N4YNBkikeJMZ.mxl,False,,PSyllabus:ABRSM=1(ps1); PSyllabus:AMEB=1(ps1); PSyllabus:NZMEB=1(ps1); PSyllabus:Piano St=1(ps1); PSyllabus:RCM=1(ps1); PSyllabus:Trinity=1(ps1),exam-lists,Beethoven L.,Air from Little Russia Op 107 No 3,,"2 pitched part(s), staves 1+1",True,16,16,32.0,none,2/4,simple,0,1,0,0,none,UNKNOWN,,,,,66|81,38|55,1|0,0|1,0.0|0.0,16th|quarter,0|0,3|0,0|0,0|0,1|1,0|0,0|0,0|0,3|1,14|14,0|0,0.536,0,0.105,3.835,0,"{'sustain': 0.0, 'sostenuto': 0.0}",0.0|0.0,0,2,1.75|1.0
./mxl/2/33/QmcnHx5NQFbrBC7NxcNec9Zn4WcEVxTi9JQc3ZcqtRht3y.mxl,False,,Beginner,8notes,Czerny,"Practical Exercises for Beginners, Op.599",,"1 pitched part(s), staves 2",True,16,16,32.0,none,2/4,simple,0,2,0,0,none,UNKNOWN,,,,,69|93,38|64,4|2,0|1,1.9|1.63,32nd|32nd,0|0,0|0,0|0,0|0,2|3,9|10,0|0,1|3,3|3,23|8,0|0,0.057,0,0.332,4.635,0,"{'sustain': 0.0, 'sostenuto': 0.0}",0.0|0.0,0,2,5.0|4.0
./mxl/2/37/QmcPpKc66Y5sbz3k5wtgASCeMGdTvmuYTg4MHDDww1ej23.mxl,False,,Intermediate,8notes,Schubert,Sonata in A Major D.664,,"1 pitched part(s), staves 2",True,136,134,533.0,confirmed,4/4,simple,0,3,0,13,"sound tempo (120 only, possible exporter default)",UNKNOWN,,,,,49|100,29|79,5|3,3|4,9.54|14.1,16th|16th,8|1,53|20,117|103,0|0,4|6,17|32,121|91,6|54,6|8,48|96,45|47,0.36,0,0.36,5.423,3,"{'sustain': 0.0, 'sostenuto': 0.0}",0.0|0.0,0,2,2.125|2.0
./mxl/2/38/QmcqNexj8MBZpBrjaFTUCRGRiPSfsYLxXto8GCakozL3nj.mxl,False,,Intermediate,8notes,,Angels We Have Heard On High,,"2 pitched part(s), staves 1+1",True,21,21,84.0,none,4/4,simple,0,-1,0,0,none,UNKNOWN,,,,,60|74,45|62,0|1,1|0,0.0|0.0,eighth|eighth,4|2,0|0,0|0,0|0,2|2,9|16,0|16,0|0,2|2,4|6,12|12,0.66,0,0.098,3.796,0,"{'sustain': 0.0, 'sostenuto': 0.0}",0.0|0.0,0,0,2.0|1.5
./mxl/2/39/QmcQoygH7hjNEjjC1zEwfc6AZm9tAGMrb2wbxLiCphymsP.mxl,False,,PSyllabus:Piano St=9(ps10); PSyllabus:RCM=11(ps10),exam-lists,Chopin F.,Prelude in Bb minor Op 28 No 16,,"1 pitched part(s), staves 2",True,46,46,184.0,none,2/2,simple,0,-5,0,4,metronome,95,1.95,3.32,2.01,1.0,40|101,27|89,4|3,3|4,28.61|14.64,16th|16th,0|0,0|0,2|2,0|1,3|4,15|15,1|31,1|47,1|5,696|56,0|1,0.423,0,0.543,5.685,5,"{'sustain': 0.8696, 'sostenuto': 0.0}",0.0|0.0,0,0,4.0|2.5
./mxl/2/40/QmcrPvcivKX5XFBkqheUuQq68rg8uU9ft3Xif4jBTxjRCW.mxl,False,,PSyllabus:GCSE=5(ps5),exam-lists,Prokofiev S.,Matin (Musique denfants Op 65 No 1),,"2 pitched part(s), staves 1+1",False,84,84,252.0,none,6/8,compound,0,-1,3,0,metronome,120,3.36,4.89,4.0,1.0,62|91,37|63,4|2,0|1,16.19|18.51,eighth|eighth,0|0,0|0,0|0,0|0,1|1,0|0,0|0,1|7,2|1,14|46,0|0,,,0.347,5.308,0,"{'sustain': 0.0, 'sostenuto': 0.0}",0.0|0.0,0,0,1.333|1.333
./mxl/2/41/QmcRfYZGjX4W6phNstFQV4SUvyYY7j7ZCqg6dY53rB6Btj.mxl,False,,ANZCA Modern=1; ANZCA Modern=4; ANZCA Modern=8,exam-lists,,When the Saints Go Marching In,,"1 pitched part(s), staves 2",True,36,36,147.0,none,4/4,simple,0,0,0,0,none,UNKNOWN,,,,,60|84,36|55,2|0,1|2,5.22|2.5,eighth|quarter,0|0,0|0,0|0,0|0,3|3,8|9,0|0,0|0,4|2,7|29,0|0,0.24,4,0.058,3.963,0,"{'sustain': 0.0, 'sostenuto': 0.0}",0.0|0.0,0,0,0.75|0.5
./mxl/2/41/QmcRkqTkTZarjJDmdGUknRfZ8yPJhwtc8xBiJJ3f8pbJvR.mxl,False,,ANZCA Modern=1; ANZCA Modern=4; ANZCA Modern=8,exam-lists,,When the Saints Go Marching In,,"2 pitched part(s), staves 1+1",True,19,19,69.0,confirmed,4/4,simple,0,-1,0,0,metronome,160,2.82,6.26,3.2,1.0,65|72,36|65,0|2,0|2,0.0|4.76,eighth|eighth,0|0,0|0,2|2,0|0,1|4,0|12,0|2,0|19,2|1,4|58,0|0,0.425,0,0.13,4.127,0,"{'sustain': 0.0, 'sostenuto': 0.0}",0.0|0.0,14,1,0.5|2.0
./mxl/2/42/Qmcs7JRPs1PRhksfrKDH2SxY9Eq4HEr7HkEvEn4hXVkmUu.mxl,False,,Intermediate,8notes,Weber,"Allemande in E flat from 12 Allemandes, Op. 4 No. 4",,"1 pitched part(s), staves 2",True,32,32,96.0,none,3/4,simple,0,-3,1,0,metronome,145,3.5,7.15,4.83,1.0,56|82,34|65,1|2,2|2,4.86|5.0,eighth|eighth,1|0,0|0,0|0,0|0,4|3,12|12,0|2,0|4,3|2,12|42,8|1,0.496,0,0.444,4.572,0,"{'sustain': 0.4688, 'sostenuto': 0.0}",0.0698|0.2296,0,4,1.5|1.167
./mxl/2/42/QmcsZVheVtcaFM4mn9qVLAW9Vh3D8tTG4r54452M6vFWvg.mxl,False,,unit 10,faber-adult-allinone-pieces,Peter Ilyich Tchaikovsky,Sleeping Beauty Waltz,,"2 pitched part(s), staves 2+2",False,300,300,900.0,none,3/4,simple,0,-2,0,0,metronome,220.0,5.43,15.63,7.33,1.0,65|94,60|79,5|0,0|1,9.54|6.94,16th|eighth,12|12,0|0,0|0,0|0,3|3,12|12,7|0,0|0,2|3,79|12,0|0,,,0.283,5.267,0,"{'sustain': 0.0, 'sostenuto': 0.0}",0.0|0.0,0,0,1.0|1.0
./mxl/2/47/QmcUD6aXYAZ42JUjEGmNXCNwzq8G8j59WyAYHNoUek8p7d.mxl,False,,PSyllabus:ABRSM=7(ps7); PSyllabus:AGME=7(ps7); PSyllabus:AMEB=7(ps7); PSyllabus:ANZCA=7(ps7); PSyllabus:GCSE=7(ps7); PSyllabus:NZMEB=7(ps7); PSyllabus:Piano St=7(ps7); PSyllabus:RCM=9(ps7); PSyllabus:SCSM=7(ps7),exam-lists,Grieg E.,Butterfly No 1 from Lyric Pieces Op 43 in A major,,"1 pitched part(s), staves 2",True,41,41,164.0,none,4/4,simple,0,3,0,7,metronome,156,9.72,12.87,10.4,1.0,49|93,21|90,4|9,2|6,22.71|9.68,16th|16th,0|0,88|0,0|0,0|0,3|2,8|12,0|2,7|67,2|1,18|9,5|0,0.165,0,0.462,5.075,0,"{'sustain': 1.0, 'sostenuto': 0.0}",0.0|0.0,0,1,3.5|1.75
./mxl/2/47/QmcUnBd4434aAoJ3qn82XwZ2mZKBu8zC8BJL4vWUXhPWuF.mxl,False,,chapter 12,pianofordummies-candidates,,"America, the Beautiful",,"1 pitched part(s), staves 2",True,33,33,129.0,candidate,4/4,simple,0,-5,0,0,metronome,88,1.26,1.26,1.47,1.0,63|77,None|None,0|0,0|0,1.8|None,eighth|None,16|0,0|0,0|0,0|0,1|0,0|0,0|0,0|0,3|0,6|0,0|0,0.0,0,0.766,2.949,0,"{'sustain': 0.0, 'sostenuto': 0.0}",0.0|None,99,0,1.0|0.0
./mxl/2/49/QmcVLsCUT8bZV1K2MYUyHNBDxSJUUK8eDFR3GTZU2ih3xH.mxl,False,,Easy,8notes,,Down by the Riverside,,"1 pitched part(s), staves 2",True,66,66,264.0,none,2/2,simple,0,-1,0,0,metronome,160,3.09,6.86,3.83,1.0,52|84,29|60,2|1,3|4,9.74|2.41,eighth|eighth,8|0,0|0,5|0,0|0,4|4,12|16,0|42,0|3,2|2,6|61,13|1,0.366,1,0.119,4.518,0,"{'sustain': 0.0, 'sostenuto': 0.0}",0.0|0.0,0,0,0.75|2.0
./mxl/2/49/QmcVfnCm9pkyvx48GZQACf4CYJB46RkFjVNP6SEj4PNyUT.mxl,False,,PSyllabus:ABRSM=6(ps7); PSyllabus:GCSE=6(ps7); PSyllabus:Piano St=7(ps7); PSyllabus:RCM=10(ps7),exam-lists,Chopin F.,Mazurka in C major No 3 from Four Mazurkas Op 33,,"1 pitched part(s), staves 2",True,49,49,145.0,confirmed,3/4,simple,0,0,2,13,metronome,UNKNOWN,2.6,5.56,2.74,0.331,58|84,37|68,2|3,1|2,16.61|1.43,16th|quarter,28|0,18|0,0|0,31|0,4|3,14|10,0|0,0|10,2|4,3|39,33|33,0.477,0,0.302,4.561,0,"{'sustain': 0.0, 'sostenuto': 0.0}",0.0|0.0,0,0,2.333|1.333
./mxl/2/50/QmcwciG4bzxK7wgQQSyqU5uF2KaXjdNdCn8aa52oDgMBpi.mxl,False,,Easy,8notes,Mozart,Minuet K.94,,"1 pitched part(s), staves 2",True,26,26,72.0,confirmed,3/4,simple,0,2,0,0,none,UNKNOWN,,,,,55|86,45|64,2|2,2|0,8.18|3.45,16th|16th,0|0,11|4,0|0,0|0,2|1,10|0,0|0,2|0,3|2,12|8,3|0,0.466,0,0.323,4.423,0,"{'sustain': 0.0, 'sostenuto': 0.0}",0.0|0.0,0,2,1.333|0.834
./mxl/2/51/QmcWuHWBQJwASExQi9qC11ZUeRHnSxU6Dxti5B5Bbgod78.mxl,False,,Easy,8notes,Showalter,Leaning on the Everlasting Arms,,"2 pitched part(s), staves 1+1",True,16,16,64.0,none,4/4,simple,0,3,0,0,metronome,115,2.25,7.61,2.28,1.0,59|73,45|57,0|0,1|0,0.0|0.0,16th|16th,0|0,11|15,0|0,0|0,2|2,9|12,0|15,0|0,3|6,5|4,0|0,0.84,0,0.228,3.649,0,"{'sustain': 0.0, 'sostenuto': 0.0}",0.0|0.0,23,0,2.0|2.25
./mxl/2/54/QmcyP6kLSZ8Ea5CLkziSCcgiaMxnEBcJVy2E84Q7C8ySCY.mxl,False,,PSyllabus:AGME=5(ps6); PSyllabus:AMEB=6(ps6); PSyllabus:ANZCA=5(ps6); PSyllabus:Piano St=6(ps6),exam-lists,Czerny C.,School of Velocity Op 299 No 6,,"1 pitched part(s), staves 2",True,32,32,128.0,none,4/4,simple,0,0,0,2,none,UNKNOWN,,,,,62|96,36|72,3|2,1|2,4.55|7.26,16th|eighth,0|0,0|0,0|0,0|0,2|3,8|12,0|22,0|2,1|1,504|1,0|0,0.143,0,0.096,4.714,1,"{'sustain': 0.0, 'sostenuto': 0.0}",0.4713|0.1806,36,0,4.0|1.5
./mxl/2/55/QmcYXSxYsj8B4kgJX5X7TayL9pXY4fcYNsY4HcQ4pxyD72.mxl,False,,PSyllabus:GCSE=6(ps6),exam-lists,Chopin F.,Mazurka in Ab major Op posth. B 85,,"1 pitched part(s), staves 2",True,40,40,120.0,none,3/4,simple,0,-4,0,2,metronome,80,2.23,4.72,2.67,1.0,60|83,38|69,1|2,1|3,46.15|31.51,eighth|eighth,0|0,0|0,0|0,1|0,2|3,11|12,0|2,0|1,3|4,28|27,12|5,0.458,0,0.358,5.043,0,"{'sustain': 0.0, 'sostenuto': 0.0}",0.0|0.0,0,0,2.0|2.0
./mxl/2/55/QmcYdVAdoqPzSreBT2Aihn5XKTNFDreFh9mbuSgeRkEGoZ.mxl,False,,PSyllabus:PS=5(ps5),exam-lists,Bach J.S.,Adagio arr. Bach BWV 974 (after Marcello),,"1 pitched part(s), staves 2",True,41,41,123.0,none,3/4,simple,0,-1,0,4,none,UNKNOWN,,,,,55|84,38|72,2|3,2|2,9.74|3.65,64th|16th,1|0,1|0,0|0,2|0,4|3,12|16,0|19,0|1,6|11,29|122,10|38,0.427,0,0.178,4.667,0,"{'sustain': 0.0, 'sostenuto': 0.0}",0.0|0.0,0,0,3.333|4.333
./mxl/2/55/QmcYjsNJFvAZSsiaX2rAG6j14mx8e2jUikQf4fjgYfSWXn.mxl,False,,Intermediate,8notes,William H. Doane,"Pass Me Not, O Gentle Savior",,"2 pitched part(s), staves 1+1",True,16,16,64.0,none,4/4,simple,0,-4,0,0,metronome,107.0,1.37,5.38,1.56,1.0,60|75,44|63,0|2,1|0,3.09|0.0,16th|16th,7|6,6|6,0|0,0|0,2|2,9|16,0|16,0|0,2|3,4|4,1|0,0.98,0,0.756,3.656,0,"{'sustain': 0.0, 'sostenuto': 0.0}",0.0|0.0,0,0,1.125|1.0
./mxl/2/56/QmczrVBCXLWp4njUygUtPaMz8gtCZetE9UyUD8NXdcTPnt.mxl,False,,ANZCA Modern=1,exam-lists,,Scarborough Fair,,"1 pitched part(s), staves 2",True,137,137,412.0,none,3/4 4/4 3/4,simple,2,-1,0,2,metronome,165,4.57,5.39,5.5,1.0,55|86,26|74,2|1,2|5,0.8|0.51,16th|eighth,5|0,0|0,0|0,6|0,2|2,9|12,0|1,2|4,5|7,9|53,0|0,0.152,0,0.037,4.02,0,"{'sustain': 0.0, 'sostenuto': 0.0}",0.0|0.0,0,0,1.333|1.0
./mxl/3/1/Qmd2Q45jhSgC9BLEvL1J39gTWpS9KTHgXSKmosfCSaq6zH.mxl,False,,Easy,8notes,Vivaldi,'Spring' from the Four Seasons,,"1 pitched part(s), staves 2",True,40,40,160.0,none,4/4,simple,0,2,0,0,metronome,150,2.58,5.52,3.12,1.0,54|71,38|59,0|0,3|1,0.0|2.33,eighth|quarter,2|0,0|0,0|0,0|0,3|3,9|12,0|25,0|0,3|25,6|24,0|0,0.539,0,0.204,3.635,0,"{'sustain': 1.0, 'sostenuto': 0.0}",0.0|0.0,0,0,1.25|0.875
./mxl/3/1/Qmd2a9jGTMQKA3LkLZyDjcq46ypGUpLb8bJxHNcWrFPkwF.mxl,False,,PSyllabus:AMEB=6(ps6),exam-lists,Schifrin L.,Mission Impossible,,"2 pitched part(s), staves 2+1",False,51,51,220.0,none,10/8 4/4 10/8,UNKNOWN simple,2,-2,0,0,metronome,180,3.53,7.81,6.0,1.0,62|91,41|67,4|3,0|0,12.25|7.76,eighth|eighth,0|0,0|0,0|0,0|0,4|2,12|12,0|133,1|1,16|6,60|40,0|0,,,0.229,4.286,0,"{'sustain': 0.0, 'sostenuto': 0.0}",0.0|0.0,0,0,1.0|1.5
./mxl/3/1/Qmd2vTckqKPuSxxA5yu1xs8o5zXnxVS4dvoE8WdUCKuNwR.mxl,False,,Easy,8notes,,The Irish Rover,,"1 pitched part(s), staves 2",True,20,20,80.0,none,4/4,simple,0,0,0,0,sound tempo,150,3.97,7.91,4.22,1.0,60|76,43|60,0|1,1|0,0.0|0.0,16th|16th,0|0,5|1,0|0,0|0,1|3,0|7,0|0,0|0,5|2,6|47,0|1,0.63,0,0.0,3.704,0,"{'sustain': 0.0, 'sostenuto': 0.0}",0.0|0.0,0,1,1.5|1.5
./mxl/3/12/QmdBfR996vfyD22i7aR5N2i94XcBU71KfneDWcgTrKM1t1.mxl,False,,Trinity=6,exam-lists,Johann Sebastian Bach,"Prelude in D minor, BWV 935",,"1 pitched part(s), staves 2",True,48,48,72.0,none,3/8,simple,0,-1,0,0,metronome,100.5,6.96,10.45,8.38,1.0,57|84,38|67,2|3,2|1,7.97|10.4,64th|16th,0|0,0|0,0|0,0|0,1|1,0|0,0|0,1|2,2|1,49|24,0|2,0.502,0,0.196,4.797,0,"{'sustain': 0.0, 'sostenuto': 0.0}",0.745|0.797,0,2,4.0|2.0
./mxl/3/13/Qmdcmsy6jQRqQsDMeHR9Vqti7W67LiF7gZsqoEFYruC5yT.mxl,False,,ANZCA Modern=3; ANZCA Modern=5,exam-lists,,Heart and Soul,,"1 pitched part(s), staves 2",True,16,16,64.0,none,4/4,simple,0,0,0,0,metronome,160,3.38,5.5,3.67,1.0,60|79,41|52,0|0,1|0,0.0|0.0,eighth|eighth,1|0,0|0,0|0,0|0,1|1,0|0,0|0,0|0,3|4,3|3,0|0,0.63,0,0.0,3.713,0,"{'sustain': 0.0, 'sostenuto': 0.0}",0.0|0.0,0,2,0.875|1.5
./mxl/3/15/Qmdd97Gg3wapUpvbkHqxB1cMzTgm2NntauTiLuLHWd3Dt1.mxl,False,,PSyllabus:ABRSM=3(ps3),exam-lists,Cohen L.,Hallelujah arr. Miller,,"1 pitched part(s), staves 2",True,57,57,171.0,none,6/8,compound,0,0,0,0,none,UNKNOWN,,,,,52|76,41|67,0|3,3|0,0.0|0.0,eighth|16th,0|0,0|0,0|0,0|0,3|6,9|19,0|0,0|1,5|3,2|96,0|0,0.29,2,0.0,4.066,2,"{'sustain': 0.9825, 'sostenuto': 0.0}",0.0|0.0,0,0,1.333|2.0
./mxl/3/16/QmdD7gkFEvdZBMkV9ooyPULRXVgr2pp1R5fTdyKLpKsM7W.mxl,False,,Easy,8notes,Czerny,100 Progressive Recreations,,"1 pitched part(s), staves 2",True,24,24,72.0,none,3/4,simple,0,0,0,0,none,UNKNOWN,,,,,72|79,60|67,0|0,0|1,0.0|0.0,quarter|quarter,0|0,0|0,0|0,0|0,1|1,0|0,0|0,0|0,5|2,45|11,0|0,0.368,0,0.0,2.832,0,"{'sustain': 0.0, 'sostenuto': 0.0}",0.75|0.4,0,2,1.0|0.333
./mxl/3/19/QmdfyMFpSZmt9TjqXN5JBxUBUZJWWenmsEDfEJEV4o6yc5.mxl,False,,ANZCA Modern=6; ANZCA Modern=8,exam-lists,,Your Song,,"1 pitched part(s), staves 2",True,127,127,508.0,none,4/4,simple,0,-2,0,0,metronome,130,3.19,4.27,3.93,1.0,50|75,26|53,0|0,4|5,0.48|5.69,eighth|eighth,3|53,0|0,0|0,0|0,3|2,12|12,0|3,0|0,7|8,12|90,0|0,0.242,0,0.353,4.312,0,"{'sustain': 0.0, 'sostenuto': 0.0}",0.0|0.0,0,0,1.75|0.5
./mxl/3/2/Qmd3sC7g9RyjsLvVCwNgtS2tC2bFbhLR29JcZsagWKcYy8.mxl,False,,Easy,8notes,Croft,"O God, Our Help in Ages Past (St. Anne)",,"2 pitched part(s), staves 1+1",True,10,10,32.0,confirmed,4/4,simple,0,0,0,0,metronome,108,1.69,6.41,1.94,1.0,59|74,43|60,0|1,1|0,1.75|3.51,eighth|eighth,1|0,0|0,0|0,0|0,2|2,12|16,2|1,0|0,1|3,13|13,2|5,0.967,0,0.018,3.971,0,"{'sustain': 0.0, 'sostenuto': 0.0}",0.0|0.0,0,0,2.0|2.0
./mxl/3/28/QmdkLiURnDeF2XHAodLc8MximXLJAshPtHjdCXQn5tjwhj.mxl,False,,Intermediate,8notes,Sankey,Faith is the Victory,,"2 pitched part(s), staves 1+1",True,24,24,72.0,confirmed,6/8,compound,0,-1,0,0,metronome,115,2.26,8.7,2.62,1.0,60|77,45|63,0|2,1|0,0.57|1.76,eighth|eighth,0|0,0|0,0|0,0|0,2|2,12|16,1|18,0|0,3|4,3|3,5|1,0.976,0,0.113,3.877,0,"{'sustain': 0.0, 'sostenuto': 0.0}",0.0|0.0,0,0,2.667|2.667
./mxl/3/37/QmdPjReRn2xf8pU9pyEGDf2k3VqmV7jaQEDAxo2E5rAzKD.mxl,False,,PSyllabus:AMEB=11(ps10); PSyllabus:NZMEB=10(ps10); PSyllabus:Piano St=9(ps10); PSyllabus:RCM=11(ps10),exam-lists,Chopin F.,Etude in C minor Op 10 No 4,,"1 pitched part(s), staves 2",True,83,83,329.0,candidate,4/4,simple,0,4,2,19,metronome,176,11.24,19.95,11.73,1.0,49|100,25|80,5|3,2|5,23.89|20.98,16th|16th,2|0,0|0,0|0,0|0,5|4,14|16,10|52,19|24,3|4,124|120,22|4,0.415,0,0.569,5.487,1,"{'sustain': 0.0482, 'sostenuto': 0.0}",0.5177|0.434,0,0,4.0|3.25
./mxl/3/40/QmdrtefCD8SnNpKKW3PMv2SVvscajjNm9o2vU5LqNXbC9p.mxl,False,,Intermediate,8notes,Chaminade,"Danse Creole, Op.94",,"1 pitched part(s), staves 2",True,50,50,197.25,candidate,4/4,simple,0,-6,0,17,metronome,96,3.34,8.14,4.1,1.0,55|102,22|78,5|3,2|6,11.73|7.92,32nd|16th,0|4,26|24,9|4,6|0,5|3,12|12,22|78,5|91,3|3,13|5,27|20,0.498,0,0.746,5.236,1,"{'sustain': 0.0, 'sostenuto': 0.0}",0.0|0.0,0,0,3.0|2.25
./mxl/3/43/QmdSdXPCpYDpXmHqsryBBtNZo2aV3cQaQf1TJG7ojrPZqd.mxl,False,,chapter 14,pianofordummies-candidates,Stephen Foster,Old Folks at Home,,"2 pitched part(s), staves 1+1",True,16,16,64.0,none,4/4,simple,0,2,0,0,metronome,120,1.81,7.25,2.0,1.0,61|76,69|88,0|9,1|0,0.0|0.0,16th|16th,4|4,8|8,0|0,0|0,2|2,9|12,0|11,0|0,4|6,6|6,16|16,1.0,0,0.203,3.641,0,"{'sustain': 0.0, 'sostenuto': 0.0}",0.0|0.0,0,1,2.0|2.0
./mxl/3/44/QmdtHTM5ezYirknXMW19bu7nDt5ckKKMFYQ463AmhZiKpe.mxl,False,,PSyllabus:Piano St=6(ps7); PSyllabus:RCM=9(ps7),exam-lists,Scarlatti D.,Sonata - K 531 E major,,"1 pitched part(s), staves 2",True,115,115,345.0,none,6/8,compound,0,4,2,2,metronome,228,7.06,9.37,7.6,1.0,56|88,35|71,3|3,2|2,16.27|19.25,eighth|eighth,0|0,0|0,0|0,4|0,2|3,7|12,0|25,1|4,2|4,78|10,5|3,0.217,0,0.39,5.087,0,"{'sustain': 0.0, 'sostenuto': 0.0}",0.2949|0.395,0,2,2.0|0.667
./mxl/3/45/QmdTZbbMT8VGXoYtr8S8LCfqDpmCd6go7ydUsMVVTCjP6K.mxl,False,,PSyllabus:ABRSM=1(ps1); PSyllabus:Piano St=1(ps1); PSyllabus:RCM=2(ps1),exam-lists,Mozart W.,Allegro - K 1c in F major,,"1 pitched part(s), staves 2",True,14,14,24.0,confirmed,2/4,simple,0,-1,0,0,metronome,83,3.34,5.71,4.04,1.0,72|84,41|60,3|1,0|0,0.0|0.0,16th|16th,0|0,4|4,0|0,0|0,1|1,0|0,0|0,0|0,2|2,6|14,0|0,0.707,0,0.081,3.701,0,"{'sustain': 0.0, 'sostenuto': 0.0}",0.0|0.0,0,2,2.5|2.0
./mxl/3/46/Qmduj4rwk9Ftb4648ZXgTJM6emaj7E3V3MUKat9Jhr5fPx.mxl,False,,RCM=1,exam-lists,,Mary Had a Little Lamb,,"1 pitched part(s), staves 2",True,8,8,32.0,none,4/4,simple,0,0,0,0,none,UNKNOWN,,,,,60|67,48|55,0|0,1|0,0.0|0.0,quarter|quarter,0|0,0|0,0|0,0|0,1|1,0|0,0|0,0|0,4|1,12|32,0|0,0.812,0,0.0,2.805,0,"{'sustain': 0.0, 'sostenuto': 0.0}",0.0|0.0,0,0,0.875|1.0
./mxl/3/46/QmdutfVD4XXY4PgLMGV3182HooKGV3xCCCqDuUmQ6tfRjJ.mxl,False,,PSyllabus:ABRSM=6(ps6),exam-lists,Bach J.S.,Partita No 1 in Bb major - BWV 825 - mvts 5 and 6 Menuet 1 and Menuet 2,,"2 pitched part(s), staves 1+1",True,40,40,120.0,none,3/4,simple,0,-2,0,0,none,UNKNOWN,,,,,60|82,41|70,1|4,1|0,6.87|5.22,16th|eighth,0|0,0|0,0|0,0|0,1|2,0|7,0|0,1|0,1|1,90|39,0|0,0.504,0,0.311,4.546,0,"{'sustain': 0.0, 'sostenuto': 0.0}",0.0|0.0,0,2,2.0|1.0
./mxl/3/47/QmdUauH9VqGnEtRTkQF4EXmh4Kk4UsEoMpLrsmwqs66Bip.mxl,False,,unit 5,faber-adult-allinone-pieces,Franz Joseph Haydn,Theme from the Surprise Symphony,,"1 pitched part(s), staves 2",True,24,24,96.0,none,4/4,simple,0,0,0,0,none,UNKNOWN,,,,,55|76,43|60,0|1,2|0,4.21|0.0,eighth|quarter,0|0,0|0,0|0,0|0,2|3,8|12,0|1,0|0,3|4,6|7,0|0,0.376,0,0.029,3.884,0,"{'sustain': 0.0, 'sostenuto': 0.0}",0.0|0.0,0,0,1.0|0.375
./mxl/3/48/QmdvFCVvG7nUS3bL9CkN5bdKaAUzQmiefKYdiK7r5nXwQd.mxl,False,,PSyllabus:Piano St=3(ps3),exam-lists,Beethoven L.,Sonatina in G major Anh 51,,"1 pitched part(s), staves 2",True,8,8,32.0,none,4/4,simple,0,1,0,0,metronome,120,2.75,2.75,3.12,1.0,59|67,55|62,0|1,1|0,0.0|0.0,eighth|eighth,0|0,0|0,0|0,0|0,1|1,0|0,0|0,0|0,2|2,8|4,0|0,0.0,4,0.023,2.793,0,"{'sustain': 0.0, 'sostenuto': 0.0}",0.1875|0.1429,0,0,0.5|0.875
./mxl/3/49/QmdVeJb4QjMx5kcpVHjdd6AQVXwpsMzTUidvPtoo8GfdDn.mxl,False,,PSyllabus:ABRSM=9(ps9); PSyllabus:AGME=8(ps9); PSyllabus:AMEB=10(ps9); PSyllabus:GCSE=9(ps9); PSyllabus:LCM=10(ps9); PSyllabus:NZMEB=9(ps9); PSyllabus:Piano St=9(ps9); PSyllabus:RCM=11(ps9); PSyllabus:RIAM=9(ps9); PSyllabus:SCSM=7(ps9),exam-lists,Brahms J.,Intermezzo in A major No 2 from Clavierstucke Op 118,,"1 pitched part(s), staves 2",True,117,117,348.0,confirmed,3/4,simple,0,3,0,0,metronome,72,2.39,5.15,4.6,1.0,55|85,28|69,2|3,2|4,12.32|11.36,16th|eighth,10|0,18|0,4|50,0|0,4|4,14|29,3|0,10|80,2|14,24|72,96|75,0.428,0,0.368,5.034,0,"{'sustain': 0.8547, 'sostenuto': 0.0}",0.0|0.0,0,1,2.333|2.667
./mxl/3/51/QmdW7voGooa8aQgtnVTjhpK148FU3dms84nQA9M9JUNWCQ.mxl,False,,Intermediate,8notes,Ellmenreich,Spinnliedchen Op. 14 No. 5,,"1 pitched part(s), staves 2",True,82,82,164.0,none,2/4,simple,0,-1,0,0,sound tempo,108,4.07,8.41,4.72,1.0,57|76,36|62,0|1,2|2,8.88|5.5,16th|16th,0|0,0|0,0|0,0|0,3|2,12|12,2|3,0|1,8|3,64|68,5|0,0.482,1,0.148,4.059,0,"{'sustain': 0.0, 'sostenuto': 0.0}",0.1186|0.0458,0,0,3.5|2.0
./mxl/3/51/QmdWo18ehCso3gXAy1BpcJ7fWjisUKViTbPA7X93KZcKU6.mxl,False,,Intermediate,8notes,Bach,Fuga III BWV 848,,"1 pitched part(s), staves 2",True,159,159,376.0,none,3/8 4/4,simple,1,7,0,0,metronome,UNKNOWN,7.64,13.1,9.0,0.585,58|84,37|68,1|3,2|2,6.27|7.62,32nd|16th,0|1,1|1,0|0,0|0,4|3,21|20,5|3,13|16,3|15,74|76,35|36,0.437,0,0.695,4.824,0,"{'sustain': 0.0, 'sostenuto': 0.0}",0.0|0.0,0,0,3.25|3.0
./mxl/3/52/Qmdxy33S8g8Teqyarysz4Wq5VcacGFXuJWJxUTi4zDynzf.mxl,False,,PSyllabus:ABRSM=8(ps8); PSyllabus:AGME=6(ps8); PSyllabus:AMEB=8(ps8); PSyllabus:SCSM=7(ps8),exam-lists,Bach J.S.,French Suite No 5 in G major BWV 816 mvt 7 Gigue,,"1 pitched part(s), staves 2",True,58,58,168.0,confirmed,12/16,compound,0,1,0,2,metronome,90,5.95,10.22,6.0,1.0,55|84,38|71,2|3,2|2,5.48|4.93,16th|16th,0|0,0|0,0|0,0|0,2|2,21|16,6|0,4|2,8|2,43|43,34|10,0.572,0,0.198,4.92,0,"{'sustain': 0.0, 'sostenuto': 0.0}",0.0|0.0,0,2,4.0|3.651
./mxl/3/54/QmdyZ27LcdC89sy9asH8ZoR98nCXSgCrvLrfH7b7EMQYmE.mxl,False,,PSyllabus:AMEB=10(ps9); PSyllabus:NZMEB=9(ps9); PSyllabus:Piano St=6(ps9); PSyllabus:RCM=9(ps9),exam-lists,Chopin F.,Waltz in Ab major Op 64 No 3CT 214,,"1 pitched part(s), staves 2",True,171,171,513.0,none,3/4,simple,0,-4,4,14,sound tempo,160,4.39,9.26,6.0,1.0,55|101,32|70,3|3,2|3,26.06|10.42,16th|eighth,2|8,1|0,0|0,11|1,4|4,12|16,2|0,1|14,12|3,128|146,11|2,0.431,1,0.471,5.265,2,"{'sustain': 0.7719, 'sostenuto': 0.0}",0.0|0.0,0,0,2.0|2.0
./mxl/3/54/Qmdye71EVqEvQ24Qy6dPy9J7aP637DYiWJNjsGVBEnCSwS.mxl,False,,PSyllabus:AMEB=8(ps8); Trinity=0,exam-lists,Duke Ellington & Billy Strayhorn,Satin Doll,,"1 pitched part(s), staves 2",True,37,37,148.0,none,4/4,simple,0,0,0,0,metronome,100,2.11,3.81,2.4,1.0,59|84,36|58,2|0,1|2,12.88|19.4,eighth|eighth,13|15,0|0,0|0,0|0,3|2,10|10,0|0,1|0,3|2,12|7,3|0,0.283,1,0.192,4.66,0,"{'sustain': 0.0, 'sostenuto': 0.0}",0.0|0.0,0,1,1.5|0.75
./mxl/3/55/QmdY69qbeK5BBhuPSdFQhZ5fPoMBugB6rtXngDJaBiyuHj.mxl,False,,ANZCA Modern=4,exam-lists,,Sadness and Sorrow,,"1 pitched part(s), staves 2",True,51,51,204.0,none,4/4,simple,0,1,0,11,metronome,70,2.83,4.54,4.67,1.0,54|95,24|100,5|3,3|8,0.0|0.0,32nd|16th,1|0,0|0,0|0,1|0,4|3,12|12,40|1,4|26,2|2,7|182,1|0,0.259,0,0.125,4.849,1,"{'sustain': 1.0, 'sostenuto': 0.0}",0.0|0.0,0,0,1.5|2.0
./mxl/3/55/QmdYnRk3V5JCVsfQjGkko66GNcfARCmw116EEhow3ATS1o.mxl,False,,ANZCA Modern=3,exam-lists,,"Perhaps, Perhaps, Perhaps",,"1 pitched part(s), staves 2",True,30,30,120.0,none,4/4,simple,0,-1,0,0,none,UNKNOWN,,,,,55|93,31|79,4|4,2|3,15.13|10.0,32nd|eighth,4|11,1|0,0|1,0|0,4|5,12|15,8|25,10|38,4|5,16|5,1|0,0.411,0,0.218,5.113,4,"{'sustain': 0.0, 'sostenuto': 0.0}",0.0|0.0,15,1,2.25|2.75
./mxl/3/56/Qmdzq8ZsxY3npCAJKqYaXzGGHLA6N71265Jgc2mnCwLpda.mxl,False,,Advanced,8notes,Giorza,Daghela avanti un passo,,"1 pitched part(s), staves 2",True,83,83,166.0,none,2/4,simple,0,-1,1,0,none,UNKNOWN,,,,,62|100,31|67,5|3,0|3,2.97|1.46,16th|16th,0|0,19|0,0|0,8|0,3|4,15|17,72|77,22|118,6|7,15|29,0|0,0.671,0,0.171,5.036,1,"{'sustain': 0.0, 'sostenuto': 0.0}",0.0|0.0,0,4,4.0|5.0
./mxl/3/56/QmdzyR1BEzkK5eUDmP3YUszShZ77TLYoPTfRmEM1rddCc5.mxl,False,,Intermediate,8notes,,"God Rest You Merry, Gentlemen",,"2 pitched part(s), staves 1+1",True,32,32,120.0,confirmed,4/4,simple,0,-3,0,0,none,UNKNOWN,,,,,63|75,44|58,0|0,0|0,0.0|0.0,quarter|quarter,0|0,0|0,0|0,0|0,1|3,0|7,0|0,0|0,2|3,6|6,0|0,0.919,0,0.611,3.702,0,"{'sustain': 0.0, 'sostenuto': 0.0}",0.0|0.0,0,0,0.75|0.75
./mxl/3/7/Qmd86zGKZevHmYAHnCEj4d3yW4bq9iK6QDtDw4XKWZHnLs.mxl,False,,Intermediate,8notes,,How Firm A Foundation,,"2 pitched part(s), staves 1+1",True,17,17,66.0,confirmed,4/4,simple,0,-4,0,0,sound tempo,100,1.26,3.03,1.46,1.0,60|75,55|61,0|1,1|0,0.0|0.0,quarter|quarter,0|0,0|0,0|0,0|0,3|2,15|4,2|0,0|0,2|2,6|4,0|0,0.6,3,0.7,3.257,0,"{'sustain': 0.0, 'sostenuto': 0.0}",0.0|0.0,0,1,1.0|0.5
./mxl/3/7/Qmd8nfVoRXZckQi5XMygRbKDmLRSa4PZif38hSyGCFif7X.mxl,False,,Advanced,8notes,Beethoven,"Piano Sonata No.14 in C# minor, Op.27/2 (Moonlight)",,"1 pitched part(s), staves 2",True,202,202,827.0,none,4/4,simple,0,4,0,65,metronome,UNKNOWN,9.35,16.11,12.0,0.992,44|88,29|76,3|3,3|4,8.8|5.26,32nd|32nd,0|0,22|13,17|3,75|14,4|8,14|32,108|40,28|112,5|5,193|192,2|22,0.378,0,0.659,5.256,0,"{'sustain': 0.1089, 'sostenuto': 0.0}",0.0|0.0,0,1,3.75|3.5
./mxl/3/8/Qmd9krjmxX9dD9aR8S4M2gGMghqyBKFyDGzNgmBvSG7zLU.mxl,False,,PSyllabus:AMEB=11(ps10); PSyllabus:NZMEB=10(ps10); PSyllabus:Piano St=9(ps10); PSyllabus:RCM=11(ps10),exam-lists,Chopin F.,Etude in F major Op 10 No 8,,"1 pitched part(s), staves 2",True,96,96,381.0,confirmed,4/4,simple,0,-1,0,14,metronome,UNKNOWN,12.17,18.67,12.8,0.997,53|101,25|89,4|3,2|5,10.57|10.06,16th|16th,0|0,1|34,0|0,2|26,5|4,12|28,0|19,9|61,2|8,452|158,1|54,0.375,0,0.166,5.468,21,"{'sustain': 0.5104, 'sostenuto': 0.0}",0.0|0.0,0,0,4.0|2.5
./mxl/4/0/Qme1vC9NH2hnPmfa7h8R3weUaV6E9SdzzFxnxvHs7hoPee.mxl,False,,Easy,8notes,Giardini,"Come, Thou Almighty King",,"1 pitched part(s), staves 2",True,16,16,48.0,none,3/4,simple,0,1,0,0,none,UNKNOWN,,,,,62|76,43|64,0|2,0|0,0.0|0.0,eighth|eighth,3|3,0|0,0|0,0|0,2|2,9|16,0|9,0|0,2|3,6|6,1|1,0.976,0,0.07,3.653,0,"{'sustain': 0.0, 'sostenuto': 0.0}",0.0|0.0,0,0,1.833|1.833
./mxl/4/1/Qme2p6FB8XxVyrWPk4bcggeTNh7QW28tukHSeJGCZaXyZY.mxl,False,,Advanced,8notes,Chopin,"Prelude No.12 in G-sharp minor, Op.28",,"1 pitched part(s), staves 2",True,81,81,243.0,none,3/4,simple,0,5,0,0,metronome,UNKNOWN,2.24,5.29,3.52,0.531,57|82,27|68,1|3,2|5,15.27|11.99,eighth|eighth,0|0,0|0,0|0,6|0,4|3,14|24,3|82,0|23,4|3,77|153,65|10,0.433,0,0.531,5.106,0,"{'sustain': 0.5185, 'sostenuto': 0.0}",0.0|0.0,0,0,3.333|2.0
./mxl/4/10/QmeAwGCaQq4ST5D3fnVQ4Y64tu8VvL5dVnLFLU112Puhm4.mxl,False,,section III.6,piano-aio-dummies-candidates,,Sometimes I Feel Like a Motherless Child,,"1 pitched part(s), staves 2",True,15,15,60.0,none,4/4,simple,0,1,0,0,none,UNKNOWN,,,,,57|76,42|59,0|0,2|0,13.59|14.29,eighth|eighth,9|3,0|0,0|0,0|0,2|2,10|10,0|0,0|0,2|2,6|6,15|4,0.514,0,0.134,3.889,0,"{'sustain': 0.0, 'sostenuto': 0.0}",0.0|0.0,37,0,1.75|1.0
./mxl/4/10/QmeAx52MBc5ea57mgxZAgo5TAC2fg2wQswfiC3UNZhHC2w.mxl,False,,ANZCA Modern=2; ANZCA Modern=3; ANZCA Modern=4,exam-lists,,Mission: Impossible Theme,,"1 pitched part(s), staves 2",True,107,107,321.0,none,6/8,compound,0,5,0,0,none,UNKNOWN,,,,,47|101,24|71,6|4,5|6,24.73|27.95,32nd|64th,0|0,0|0,8|0,3|0,6|3,31|16,101|239,59|79,20|2,174|132,22|10,0.41,0,0.461,5.143,0,"{'sustain': 0.0, 'sostenuto': 0.0}",0.0|0.0,0,0,4.333|4.0
./mxl/4/12/QmeB9Qgwss3EtX43xsvjNZJYGjHtoHj7gcTNDYLY9hAZVU.mxl,False,,PSyllabus:ABRSM=7(ps6); PSyllabus:AGME=6(ps6); PSyllabus:AMEB=6(ps6); PSyllabus:GCSE=7(ps6); PSyllabus:NZMEB=6(ps6); PSyllabus:RCM=9(ps6); PSyllabus:RIAM=6(ps6); PSyllabus:SCSM=7(ps6),exam-lists,Daquin L.,Le coucou (The Cuckoo),,"2 pitched part(s), staves 1+1",True,115,115,230.0,none,2/4,simple,0,1,0,14,sound tempo,132,8.12,10.68,8.8,1.0,55|83,38|72,1|2,2|1,5.47|4.09,32nd|16th,0|0,5|0,0|0,21|0,3|1,9|0,0|0,0|10,3|1,127|64,3|1,0.297,0,0.208,4.374,0,"{'sustain': 0.0, 'sostenuto': 0.0}",0.0|0.0,0,0,4.0|1.0
./mxl/4/13/QmecdkkSeqYbyHJYP8m1s2sNV2Un2c5P1kX7D6NR5ykG8z.mxl,False,,PSyllabus:Piano St=9(ps9); PSyllabus:RCM=11(ps9),exam-lists,Chopin F.,Prelude in C major Op 28 no 1,,"1 pitched part(s), staves 2",True,34,34,34.0,none,2/8,simple,0,0,0,0,metronome,UNKNOWN,2.61,3.62,,0.088,52|86,31|67,2|3,3|3,5.98|7.41,16th|16th,0|0,0|0,119|33,0|0,2|1,12|0,28|0,13|30,4|1,87|3,32|0,0.283,0,0.059,4.632,0,"{'sustain': 0.9412, 'sostenuto': 0.0}",0.0|0.0,0,0,9.0|3.0
./mxl/4/16/QmeDASLRDvYVeroFT8dJHMQJMGCDgzy9DRSem6y6M8jSrT.mxl,False,,Advanced,8notes,Beethoven,"Piano Sonata No.17 in D minor, Op.31/2 (The Tempest)",,"1 pitched part(s), staves 2",True,400,400,598.75,confirmed,3/8,simple,0,-1,0,24,sound tempo,103.5,6.82,10.33,7.19,1.0,46|89,29|77,3|3,3|4,21.97|16.41,32nd|32nd,0|0,0|0,3|4,0|0,3|5,12|28,98|5,59|190,3|16,99|282,24|204,0.3,3,0.248,5.334,0,"{'sustain': 0.8425, 'sostenuto': 0.0}",0.0|0.0,0,1,2.667|4.0
./mxl/4/17/QmeeUM3amVoKCRAmKaQ1AQASCxoRTLUGq85YJroH2feD7P.mxl,False,,Intermediate,8notes,Bach,Praeludium 20 - BWV 865,,"1 pitched part(s), staves 2",True,115,115,474.0,none,9/8 4/4,compound simple,1,0,0,4,sound tempo,132,7.53,14.13,9.08,1.0,55|84,36|73,2|3,2|2,9.11|8.96,32nd|32nd,6|8,5|0,0|0,0|0,4|3,21|19,13|31,18|18,3|9,48|27,83|76,0.497,0,0.135,4.928,0,"{'sustain': 0.0, 'sostenuto': 0.0}",0.0|0.0,0,0,4.0|3.0
./mxl/4/18/QmeEXeR9k3QGi4GKHwRw4qNUNBK5BrEVh37DAAWgjswthx.mxl,False,,Intermediate,8notes,Bach,"6 Little Preludes, BWV 933-938",,"1 pitched part(s), staves 2",True,16,16,64.0,none,4/4,simple,0,0,0,0,metronome,80,4.83,7.5,5.33,1.0,55|84,36|67,2|3,2|2,3.9|3.23,16th|16th,0|0,0|0,0|0,3|0,3|1,12|0,0|0,0|0,3|1,51|31,8|0,0.366,0,0.047,4.58,0,"{'sustain': 0.0, 'sostenuto': 0.0}",0.0|0.0,0,2,3.375|2.0
./mxl/4/18/QmeEejJZ5MQEzJjJzqnEFhW9Y4nDyWrK5Py3psjuCTENEe.mxl,False,,PSyllabus:Piano St=9(ps9),exam-lists,Bach J.S.,Fugue in A major on a Theme by Albinoni BWV 950,,"1 pitched part(s), staves 2",True,112,112,448.0,none,4/4,simple,0,2,0,4,metronome,80,5.24,8.47,6.0,1.0,53|83,36|71,1|2,3|2,15.19|14.2,32nd|16th,7|1,68|17,0|0,0|0,3|2,27|15,9|4,40|19,4|3,78|56,95|17,0.433,0,0.397,4.976,0,"{'sustain': 0.0, 'sostenuto': 0.0}",0.0|0.0,0,0,4.25|2.5
./mxl/4/22/QmeGRbC8CS8ofhZDSDUNkiAYKR3eK3VFdDEywFN5KhcPbd.mxl,False,,level Level 1A,beginner-methods,,Old MacDonald,,"1 pitched part(s), staves 2",True,16,16,64.0,none,4/4,simple,0,0,0,0,metronome,120,1.69,1.69,2.38,1.0,60|64,55|60,0|1,1|0,0.0|0.0,eighth|quarter,0|0,0|0,0|0,0|0,1|1,0|0,0|0,0|0,12|3,4|6,0|0,0.0,0,0.0,1.88,0,"{'sustain': 0.0, 'sostenuto': 0.0}",0.0|0.0,0,0,0.25|0.0
./mxl/4/26/QmejAvfGAAdj9ZNpU76p7BCpSvxnzSdW2RwfhxbB2mQzZF.mxl,False,,1.6,rung-suggestions,,Ode to Joy,,"1 pitched part(s), staves 2",True,34,34,136.0,none,4/4,simple,0,0,0,0,none,UNKNOWN,,,,,60|76,None|None,0|0,1|0,0.0|None,eighth|None,1|0,0|0,0|0,0|0,1|0,0|0,0|0,0|0,2|0,14|0,0|0,0.0,0,0.0,2.826,0,"{'sustain': 0.0, 'sostenuto': 0.0}",0.0|None,0,0,0.0|0.0
./mxl/4/28/QmekJemP7Nd4EV4DCqZmCdp76Hsh6r32A51EYZHKKgqiZu.mxl,False,,Intermediate,8notes,Bach,"Prelude No. 6 from The Well-Tempered Clavier, Book I",,"1 pitched part(s), staves 2",True,36,36,144.0,none,4/4,simple,0,0,0,0,metronome,88,5.71,5.75,5.87,1.0,50|81,36|60,1|1,4|2,1.73|4.07,16th|eighth,0|0,0|0,0|0,0|0,3|2,8|12,0|1,11|1,1|16,14|48,9|26,0.002,0,0.078,4.437,0,"{'sustain': 0.0, 'sostenuto': 0.0}",0.0|0.0,0,0,3.0|1.5
./mxl/4/29/QmeKeAYAEpmCrm8NaHEUmqs58D4e28DhC9ECHcknJhpuUr.mxl,False,,Easy,8notes,George C. Stebbins,Jesus Is Tenderly Calling You Home,,"2 pitched part(s), staves 1+1",True,16,16,47.25,none,6/8,compound,0,0,0,0,none,UNKNOWN,,,,,60|76,48|62,0|1,1|0,3.1|0.7,16th|16th,0|0,0|0,0|0,0|0,3|2,9|12,0|26,0|0,5|8,9|9,1|2,0.775,0,0.036,3.678,0,"{'sustain': 0.0, 'sostenuto': 0.0}",0.0|0.0,0,0,2.667|3.0
./mxl/4/29/QmeKgGDR4DbYdrbk1SoRSeA5JnopvvDGx1YFPgRbg1oKeo.mxl,False,,Easy,8notes,Sullivan,"Onward, Christian Soldiers",,"2 pitched part(s), staves 1+1",True,24,24,96.0,none,4/4,simple,0,2,0,0,metronome,120,1.65,5.94,2.25,1.0,57|74,38|62,0|1,2|1,0.7|0.7,eighth|eighth,6|6,0|0,0|0,0|0,2|3,12|16,2|7,0|1,14|11,12|12,24|24,0.899,0,0.189,3.904,0,"{'sustain': 0.0, 'sostenuto': 0.0}",0.0|0.0,0,0,1.875|1.75
./mxl/4/3/Qme4QYAn916MeagaLdKZJRCjaWXXmqb1E2Y3Q24kVdjMma.mxl,False,,Intermediate,8notes,Grieg,"Lyric Pieces, Op.12 (Complete)",,"1 pitched part(s), staves 2",True,41,41,121.0,confirmed,3/4,simple,0,3,0,0,sound tempo,92,2.36,5.61,3.07,1.0,56|78,40|62,0|1,2|1,10.53|13.59,16th|16th,0|0,18|3,8|0,30|0,4|3,17|12,12|0,0|6,3|3,9|10,18|15,0.478,0,0.46,4.413,0,"{'sustain': 0.5122, 'sostenuto': 0.0}",0.3756|0.4472,0,0,1.667|1.667
./mxl/4/30/QmeLvEs8Wc6mXjq5EeFKJgQhtRwL2ciZvJQRC8vEhKbqBm.mxl,False,,PSyllabus:ABRSM=3(ps4); PSyllabus:GCSE=3(ps4),exam-lists,Kullak T.,Witches Dance Op 4 No 2,,"1 pitched part(s), staves 2",True,56,56,84.0,none,3/8,simple,0,0,0,5,metronome,100,4.13,6.57,5.28,1.0,51|88,33|72,3|1,2|3,6.53|13.64,16th|16th,0|0,0|0,0|0,0|0,2|4,9|12,0|1,1|2,2|3,17|5,0|0,0.288,3,0.103,4.708,0,"{'sustain': 0.0, 'sostenuto': 0.0}",0.2963|0.0506,0,0,2.0|1.333
./mxl/4/31/QmemRRA7t1XiDzMPB3SWLBKDYdV2RnbC5GbcUub9SVbgzp.mxl,False,,ANZCA Modern=3,exam-lists,,Dancing Queen,,"2 pitched part(s), staves 1+2",False,47,47,188.0,none,4/4,simple,0,0,0,0,metronome,110.0,3.46,5.27,4.88,1.0,60|77,60|88,0|0,1|1,0.0|0.0,16th|16th,0|2,0|0,0|0,0|0,2|1,6|0,0|0,0|0,4|7,6|9,0|0,,,0.038,4.16,2,"{'sustain': 0.2766, 'sostenuto': 0.0}",0.0|0.0,0,1,0.5|1.5
./mxl/4/31/QmemjuhU2UbA5z4RFjxvWXXueYwNKhJNbARshowt8Ar7Rm.mxl,False,,PSyllabus:ABRSM=4(ps5); PSyllabus:AGME=4(ps5); PSyllabus:AMEB=4(ps5); PSyllabus:GCSE=4(ps5); PSyllabus:LCM=4(ps5); PSyllabus:NZMEB=4(ps5); PSyllabus:Piano St=6(ps5); PSyllabus:RCM=7(ps5); PSyllabus:RIAM=6(ps5); PSyllabus:SCSM=3(ps5),exam-lists,Grieg E.,Dance of the Elves No 4 from Lyric Pieces Op 12 in E minor,,"1 pitched part(s), staves 2",True,72,72,216.0,none,3/4,simple,0,1,0,6,metronome,132,3.4,7.39,4.4,1.0,54|88,40|74,3|2,3|1,10.92|3.82,eighth|eighth,0|0,0|0,0|0,4|0,3|3,9|12,0|0,3|0,2|6,50|17,0|0,0.515,0,0.278,4.348,0,"{'sustain': 0.1528, 'sostenuto': 0.0}",0.0|0.0,0,0,2.0|1.333
./mxl/4/35/QmeoQbX6EjVU1nwHU527kQT83kZVxepbGzunnX4BEte2ou.mxl,False,,PSyllabus:AMEB=11(ps10); PSyllabus:NZMEB=10(ps10); PSyllabus:Piano St=8(ps10); PSyllabus:RCM=11(ps10),exam-lists,Chopin F.,Etude in E minor Op 25 No 5,,"1 pitched part(s), staves 2",True,139,139,415.0,candidate,3/4,simple,0,1,2,12,metronome,184,6.19,13.24,10.0,1.0,47|100,27|83,5|4,2|5,15.67|14.13,16th|16th,0|5,82|22,111|1,49|28,3|4,12|17,0|37,17|65,11|10,323|30,38|62,0.372,0,0.328,5.42,6,"{'sustain': 0.4532, 'sostenuto': 0.0}",0.0|0.0,0,0,4.0|1.333
./mxl/4/36/QmepdEgDRkBfNLzy9QE7zjnA8ooBKWKZWHQFgErQ2XaDPb.mxl,False,,RCM=10,exam-lists,"Mendelssohn, Felix","Song without Words, op. 53, no. 1",,"1 pitched part(s), staves 2",True,50,50,200.0,none,4/4,simple,0,4,0,4,metronome,UNKNOWN,5.61,7.84,6.13,0.995,47|84,30|67,2|3,2|4,10.1|9.25,16th|16th,1|0,2|0,0|0,0|0,2|4,12|15,4|9,5|31,3|8,376|216,46|48,0.189,0,0.399,4.7,0,"{'sustain': 0.98, 'sostenuto': 0.0}",0.0|0.0,0,1,3.0|2.5
./mxl/4/38/Qmeq6Qkqd2n8fEEdHEZziKY6Nin9osXFxUcvGMYvp3jWDk.mxl,False,,Trinity Rock & Pop=4,exam-lists,RADIOHEAD,Karma Police,,"1 pitched part(s), staves 2",True,48,47,192.0,none,4/4,simple,0,0,0,0,none,UNKNOWN,,,,,55|83,36|62,4|1,0|2,8.33|11.22,16th|16th,3|4,5|4,0|0,0|0,2|2,9|12,0|4,7|0,9|5,10|12,0|0,0.574,0,0.101,4.46,0,"{'sustain': 0.0, 'sostenuto': 0.0}",0.0|0.0,97,2,0.0|0.0
./mxl/4/38/QmeqmJYpbARpZhz7BWVGbCf3crHupgn8DJWVPtm3bdAnUa.mxl,False,,Advanced,8notes,George Botsford,Black and White Rag,,"1 pitched part(s), staves 2",True,87,87,174.0,none,2/4,simple,0,1,1,0,sound tempo,85,4.76,9.88,5.67,1.0,59|96,31|65,4|2,2|3,8.35|6.1,16th|16th,0|0,0|0,0|0,6|0,3|3,12|12,9|96,8|11,5|1,52|49,4|2,0.414,0,0.176,5.163,3,"{'sustain': 0.0, 'sostenuto': 0.0}",0.0|0.0,0,3,4.0|4.0
./mxl/4/4/Qme5Ex9Bw8m9cSM57qvf11pAB2uALfvXBiydCUmoAywGGS.mxl,False,,Intermediate,8notes,Schubert,12 German Dances/5 Ecossaises D.420/529,,"1 pitched part(s), staves 2",True,18,18,48.0,confirmed,3/4,simple,0,2,0,1,metronome,135,3.05,7.73,3.38,1.0,69|86,45|69,2|1,0|2,3.23|0.0,eighth|quarter,0|0,0|0,0|0,3|0,1|3,0|12,0|0,0|0,2|7,6|21,0|7,0.631,0,0.291,3.992,0,"{'sustain': 0.0, 'sostenuto': 0.0}",0.0|0.0,0,2,1.333|2.333
./mxl/4/41/QmeRRKKzDXC64NQmzfcKVWMmbef53TF8RJUkw3EV9DVqk2.mxl,False,,ABRSM=5,exam-lists,"Capaldi, Kohn, Kelleher, Barnes & Roman","Someone You Loved, arr. Iles",,"1 pitched part(s), staves 2",True,32,32,128.0,none,4/4,simple,0,-5,0,0,metronome,55.0,3.21,5.34,3.72,1.0,61|82,30|72,1|4,0|3,0.0|0.0,32nd|16th,0|6,10|0,0|0,0|0,4|3,12|12,0|0,0|12,7|3,32|248,0|0,0.507,0,0.764,4.38,0,"{'sustain': 0.0, 'sostenuto': 0.0}",0.0|0.0,0,0,3.25|4.0
./mxl/4/42/QmeswnMFsq7kKrfJU2KHcucQ55D1psa3djU7BiYUptXPPR.mxl,False,,Easy,8notes,Mozart,Theme from Sonata K331,,"1 pitched part(s), staves 2",True,16,16,48.0,none,3/4,simple,0,0,0,0,none,UNKNOWN,,,,,72|79,48|55,0|0,0|0,0.0|0.0,quarter|quarter,0|0,0|0,0|0,0|0,1|1,0|0,0|0,0|0,2|1,4|6,0|0,0.528,0,0.0,3.182,0,"{'sustain': 0.0, 'sostenuto': 0.0}",1.0|1.0,0,0,0.667|0.333
./mxl/4/44/QmetT8GVL76bxCnqVhbZdf2WG8DfpcsmQLdRNi528R5mUs.mxl,False,,Intermediate,8notes,Schubert,11 Ecossaises D.781,,"1 pitched part(s), staves 2",True,183,183,362.0,none,2/4,simple,0,-6,8,2,none,UNKNOWN,,,,,58|95,29|69,5|3,1|4,5.74|6.21,16th|eighth,14|0,0|0,0|0,2|0,4|4,14|12,51|80,2|6,6|8,12|31,68|16,0.708,0,0.584,5.545,0,"{'sustain': 0.0, 'sostenuto': 0.0}",0.0|0.0,0,22,2.0|2.0
./mxl/4/46/QmeuK3Unr7ybzDCvVVbU4Eu878nUjDhRJpZMyzzMY5EQyr.mxl,False,,Easy,8notes,Beethoven,Moonlight Sonata (1st mvt),,"1 pitched part(s), staves 2",True,69,69,276.0,none,4/4,simple,0,4,0,7,metronome,45,2.24,3.17,2.44,1.0,48|87,29|64,2|2,3|4,8.72|10.42,16th|16th,0|0,10|6,258|13,0|0,3|4,14|20,71|82,1|7,6|19,406|21,50|14,0.131,0,0.583,4.899,0,"{'sustain': 1.0, 'sostenuto': 0.0}",0.0|0.0,0,0,3.5|1.0
./mxl/4/47/QmeU8XSDpxiR44jD8iERtaMGqLpgjxQqLr8mFEg8jhVPT4.mxl,False,,Easy,8notes,Goss,See Amid the Winter's Snow,,"2 pitched part(s), staves 1+1",True,16,16,64.0,none,4/4,simple,0,1,0,0,metronome,120,2.12,7.22,2.38,1.0,55|74,43|64,0|2,2|0,1.77|1.69,eighth|eighth,15|8,0|0,0|0,0|0,2|2,12|19,2|11,0|1,4|5,14|14,16|16,0.853,0,0.074,4.05,0,"{'sustain': 0.0, 'sostenuto': 0.0}",0.0|0.0,0,0,1.875|2.0
./mxl/4/47/QmeUVxEndLc6aw266S2VLdh5zbhBaxQ9SasQ3C5YPxU7Bb.mxl,False,,ANZCA Modern=2,exam-lists,,Under the Sea,,"1 pitched part(s), staves 2",True,96,96,384.0,none,4/4,simple,0,-2,1,1,metronome,200,3.66,9.08,4.58,1.0,62|91,33|79,4|2,0|3,0.98|1.83,32nd|eighth,0|0,0|0,0|0,0|0,4|3,12|10,1|0,0|6,2|3,4|16,0|16,0.467,0,0.211,4.903,0,"{'sustain': 0.0, 'sostenuto': 0.0}",0.0|0.0,0,0,2.0|1.0
./mxl/4/49/QmeVkP7EWTjxJBHryaXqsMjgTkkjk7Eu1pXYXLGCZ2v48o.mxl,False,,PSyllabus:AMEB=11(ps10); PSyllabus:NZMEB=10(ps10); PSyllabus:Piano St=9(ps10); PSyllabus:RCM=11(ps10),exam-lists,Chopin F.,Etude in Ab major Op 10 No 10,,"1 pitched part(s), staves 2",True,85,85,170.0,none,2/4,simple,0,-6,0,43,metronome,116.0,11.11,18.53,12.08,1.0,49|99,30|78,5|3,2|3,0.0|8.49,32nd|16th,0|0,1|4,318|19,0|1,4|4,12|28,11|51,34|44,2|4,499|40,1|11,0.282,0,0.91,4.816,20,"{'sustain': 0.7059, 'sostenuto': 0.0}",0.6225|0.5233,0,0,6.0|4.0
./mxl/4/5/Qme6kbC9VxbzvXbnxbMC71d7QC2vPdoQvN7kw8emCcrvJB.mxl,False,,Easy,8notes,Montrose,Oh My Darling Clementine,,"1 pitched part(s), staves 2",True,17,17,51.0,none,3/4,simple,0,-1,0,0,none,UNKNOWN,,,,,60|72,48|60,0|1,1|0,0.0|0.0,eighth|quarter,2|0,0|0,0|0,0|0,2|3,4|7,0|0,0|0,4|2,3|21,0|0,0.594,0,0.119,3.402,0,"{'sustain': 0.0, 'sostenuto': 0.0}",0.2759|0.0,0,0,1.333|1.667
./mxl/4/51/QmeWbQT39PyNhkPKYbthTT4PpKktFzvRgvbQdpAhZXfKWN.mxl,False,,Intermediate,8notes,Czerny,"160 kurze Ubungen, Op.821",,"1 pitched part(s), staves 2",True,8,8,24.0,none,6/8,compound,0,0,0,1,metronome,135,8.53,13.03,9.0,1.0,71|84,53|69,2|3,0|2,0.0|2.15,eighth|16th,0|0,0|0,0|0,4|0,2|1,8|0,0|0,0|1,2|2,19|78,0|1,0.429,0,0.022,3.779,0,"{'sustain': 0.0, 'sostenuto': 0.0}",0.2821|0.2688,0,0,2.0|4.0
./mxl/4/55/QmeYyrNzPbPP7qPvH1mF2KhqMdXGgTGRWyJGUcC911em8v.mxl,False,,Easy,8notes,Mozart,Adagio for Glass Harmonica in C major,,"1 pitched part(s), staves 2",True,56,56,224.0,none,4/4,simple,0,0,0,0,none,UNKNOWN,,,,,71|88,60|79,3|0,0|1,12.04|12.07,16th|eighth,2|10,0|0,0|0,0|0,2|3,4|9,0|0,0|0,2|2,16|8,40|26,0.347,0,0.125,4.139,0,"{'sustain': 0.0, 'sostenuto': 0.0}",0.0|0.0,0,0,1.5|1.0
./mxl/4/56/QmezpeoQXq371mDHCQG7s8Nb7Ej5iTbhN9GSK1cq1ZM2CW.mxl,False,,Easy,8notes,Sullivan,"Onward, Christian Soldiers",,"2 pitched part(s), staves 1+1",True,24,24,96.5,none,4/4,simple,0,-3,0,0,metronome,113.0,1.5,5.46,1.77,1.0,58|75,43|63,0|2,1|0,0.71|0.72,eighth|eighth,3|2,0|0,0|0,0|0,2|2,12|16,2|9,0|1,4|4,12|12,5|7,0.896,0,0.632,3.908,0,"{'sustain': 0.0, 'sostenuto': 0.0}",0.0|0.0,0,0,1.764|1.889
./mxl/4/57/QmeZGCq4yEPgFQahrVwV5AsP1bvLtv8zwaxRhD7tBwPRJH.mxl,False,,PSyllabus:AMEB=2(ps2); PSyllabus:LCM=1(ps2); PSyllabus:RCM=3(ps2),exam-lists,Petzold C.,Minuet in G major BWV Anh 114 (Notenbuch der Anna Magdalena Bach),,"1 pitched part(s), staves 2",True,32,32,96.0,none,3/4,simple,0,1,0,0,metronome,110.0,2.62,3.88,3.06,1.0,59|83,43|64,1|2,1|0,2.34|1.33,eighth|eighth,0|0,0|0,0|0,1|0,3|3,8|7,0|0,0|0,2|2,6|12,1|4,0.453,0,0.113,4.223,0,"{'sustain': 0.0, 'sostenuto': 0.0}",0.0|0.0,0,2,1.5|0.834
./mxl/4/7/Qme88a7Fvz73EWc6i6ba61XjfTNxj1cJPeZBRsh1EGqVrC.mxl,False,,PSyllabus:ABRSM=10(ps10); PSyllabus:AGME=10(ps10); PSyllabus:AMEB=11(ps10); PSyllabus:LCM=11(ps10); PSyllabus:NZMEB=10(ps10); PSyllabus:Piano St=9(ps10); PSyllabus:RCM=11(ps10),exam-lists,Chopin F.,Ballade in F major Op 38,,"1 pitched part(s), staves 2",True,205,205,615.0,confirmed,6/8,compound,0,-1,1,20,metronome,UNKNOWN,3.7,9.64,12.12,0.959,54|100,26|76,5|3,3|5,17.4|20.37,16th|32nd,0|0,0|0,3|1,7|2,5|5,13|34,66|363,18|131,7|9,296|116,64|44,0.494,0,0.225,5.621,11,"{'sustain': 0.6634, 'sostenuto': 0.0}",0.0|0.0,0,0,3.0|2.667
./mxl/4/7/Qme8Dz2TtWJPTk6QauUhcmxxzbGz9xhnwj4DMYfMDUxZPb.mxl,False,,PSyllabus:Piano St=8(ps10); PSyllabus:RCM=11(ps10),exam-lists,Debussy C.,Ballade L 70,,"1 pitched part(s), staves 2",True,105,105,420.0,none,4/4,simple,0,-1,3,14,metronome,UNKNOWN,4.22,7.73,9.03,1.0,53|96,29|78,4|4,3|4,7.79|9.27,16th|16th,2|0,3|4,157|149,0|2,5|5,17|15,59|2,36|59,3|4,167|142,87|59,0.325,1,0.25,5.427,2,"{'sustain': 1.0, 'sostenuto': 0.0}",0.0|0.0,0,0,3.5|2.5
./mxl/4/8/Qme9ePDW9tzuX4sRdXnzyhVtbqFtGNBfVmLjov2me6M9ck.mxl,False,,Trinity=6,exam-lists,Johann Sebastian Bach,"Prelude in D minor, BWV 935",,"2 pitched part(s), staves 1+1",True,48,48,72.0,none,3/8,simple,0,-1,0,0,none,UNKNOWN,,,,,53|84,38|65,2|2,3|1,8.66|10.5,32nd|16th,0|0,0|0,0|0,0|0,2|1,9|0,0|0,1|2,4|1,48|24,0|0,0.481,0,0.192,4.82,0,"{'sustain': 0.0, 'sostenuto': 0.0}",0.0|0.0,0,2,4.0|2.0
./mxl/5/12/QmfBcXne3RYUgUuZPhqQqE4giJfdumupz4r86NE8ZEgdBz.mxl,False,,PSyllabus:AMEB=11(ps10); PSyllabus:NZMEB=10(ps10); PSyllabus:Piano St=9(ps10); PSyllabus:RCM=11(ps10),exam-lists,Chopin F.,Etude in C major Op 10 No 1,,"1 pitched part(s), staves 2",True,79,79,316.0,none,4/4,simple,0,0,0,0,metronome,176,11.41,12.27,11.73,1.0,56|101,24|62,5|1,2|5,16.67|14.95,16th|16th,0|0,0|0,0|0,0|0,1|2,0|12,0|60,7|58,1|2,66|121,0|73,0.027,0,0.135,5.669,32,"{'sustain': 1.0, 'sostenuto': 0.0}",0.0|0.0,0,0,3.0|1.25
./mxl/5/16/QmfDbYzSNHbKmagNd7PwVSMh2AbHKKe3GcqJoeqt8vFf9Y.mxl,False,,Advanced,8notes,Beethoven,"Piano Sonata No.1 in F minor, Op.2/1",,"1 pitched part(s), staves 2",True,154,153,608.0,confirmed,2/2,simple,0,-4,0,6,sound tempo,200,5.4,9.08,6.67,1.0,51|89,32|73,3|3,3|3,17.05|9.99,16th|16th,20|2,0|0,27|2,23|0,5|5,14|12,22|1,5|14,4|8,88|96,19|16,0.355,0,0.405,5.018,0,"{'sustain': 0.0, 'sostenuto': 0.0}",0.0|0.0,0,2,1.0|1.5
./mxl/5/18/QmfE3SooM2mDSw7pg9uQxPQ1NvneVsyKn4mUndqJeivxkL.mxl,False,,PSyllabus:AGME=10(ps10); PSyllabus:AMEB=11(ps10); PSyllabus:NZMEB=10(ps10); PSyllabus:Piano St=9(ps10); PSyllabus:RCM=11(ps10),exam-lists,Bach J.S.,Fantasia  Fugue in A minor BWV 904,,"1 pitched part(s), staves 2",True,85,85,340.0,none,2/2,simple,0,0,0,1,sound tempo,114,2.77,4.55,3.8,1.0,59|83,39|71,1|2,1|7,15.56|18.0,eighth|eighth,0|0,0|0,0|0,0|0,4|3,12|12,1|4,0|2,3|2,23|27,67|50,0.41,0,0.166,4.844,0,"{'sustain': 0.0, 'sostenuto': 0.0}",0.0|0.0,0,0,1.75|1.25
./mxl/5/18/QmfEQXQiKEECdXdC5jDNTRDLY9rExwk3TN9SoBpFDqMASw.mxl,False,,PSyllabus:AMEB=8(ps7); PSyllabus:Piano St=6(ps7); PSyllabus:RCM=9(ps7),exam-lists,Schumann R.,Albumblatter Op 124 Schlummerlied  Slumber Song (No 16),,"1 pitched part(s), staves 2",True,99,99,297.0,none,6/8,compound,0,-3,2,0,metronome,96,3.87,6.3,4.27,1.0,51|80,31|68,1|3,3|3,14.46|8.31,16th|16th,0|0,0|0,4|0,16|0,4|5,12|33,0|4,6|60,4|5,21|40,76|34,0.262,1,0.484,4.782,0,"{'sustain': 0.8485, 'sostenuto': 0.0}",0.0|0.0,0,0,2.0|2.0
./mxl/5/18/QmfEfZr8xdbhm1shXXMESpsorjiEfY2b1v62jwUCEJKs2W.mxl,False,,PSyllabus:ABRSM=3(ps3); PSyllabus:AGME=3(ps3); PSyllabus:AMEB=4(ps3); PSyllabus:NZMEB=3(ps3); PSyllabus:Piano St=3(ps3); PSyllabus:SCSM=3(ps3),exam-lists,Burgmuller J.F.,25 Progressive Studies Op 100 No 21,,"1 pitched part(s), staves 2",True,33,33,132.0,none,4/4,simple,0,1,0,2,metronome,130,5.76,6.25,6.5,1.0,59|95,43|72,4|2,1|1,1.69|3.12,eighth|eighth,0|0,0|0,72|42,0|0,2|3,8|10,0|0,0|3,1|2,21|7,1|0,0.04,6,0.076,4.438,1,"{'sustain': 0.0, 'sostenuto': 0.0}",0.073|0.0217,0,2,1.75|1.25
./mxl/5/2/Qmf335ZPmatmsBC4ajto382k7o7UorS5U6F5juS1bjTEUg.mxl,False,,Intermediate,8notes,Williams,"O the Deep, Deep Love of Jesus",,"2 pitched part(s), staves 1+1",True,16,16,64.0,unknown,,,0,1,0,0,none,UNKNOWN,,,,,59|72,43|62,0|1,1|0,6.76|1.47,16th|16th,0|0,0|0,13|2,0|0,2|2,12|16,2|10,0|4,2|2,24|12,16|9,0.732,0,0.162,3.998,0,"{'sustain': 0.0, 'sostenuto': 0.0}",0.0|0.0,0,0,2.375|2.0
./mxl/5/2/Qmf3dcvTaY1U8F9gJm5LKCPuoAyjnJY43E7ogTsRqeyB36.mxl,False,,ABRSM=8,exam-lists,McHugh,"On the Sunny Side of the Street, arr. Iles",,"1 pitched part(s), staves 2",True,75,75,300.0,none,4/4,simple,0,0,0,0,metronome,136,3.63,6.41,5.53,1.0,53|96,24|60,2|1,3|3,18.54|13.84,16th|eighth,0|0,2|0,34|0,7|0,4|3,12|16,29|8,2|28,7|4,20|61,3|2,0.281,2,0.181,5.231,4,"{'sustain': 0.0, 'sostenuto': 0.0}",0.0|0.0,0,0,1.5|1.5
./mxl/5/20/QmfFJjpsY4YPf4ztZygibno2UKVyAumLx2uhnxMzAJAM6H.mxl,False,,ANZCA Modern=2,exam-lists,,A Sad Song,,"1 pitched part(s), staves 2",True,33,33,132.0,none,4/4,simple,0,0,0,0,none,UNKNOWN,,,,,57|79,29|67,0|3,2|4,0.0|0.0,16th|16th,0|0,0|0,0|0,0|0,4|4,12|12,16|0,1|0,2|1,10|112,0|0,0.286,0,0.0,4.522,0,"{'sustain': 0.4848, 'sostenuto': 0.0}",0.0|0.0,0,0,1.0|1.0
./mxl/5/22/QmfGu9RHmpLworz84xZoUpEgbKDLQaWkPdVVxEy2YSVSXg.mxl,False,,Intermediate,8notes,Pachelbel,"Chaconne in F minor, P. 43",,"1 pitched part(s), staves 2",True,185,184,555.5,none,3/4,simple,0,-4,0,4,metronome,70,3.38,4.55,4.67,1.0,53|84,36|80,2|3,3|2,6.24|2.05,32nd|32nd,21|17,28|2,0|0,0|0,3|2,14|12,0|19,3|8,6|4,110|118,79|77,0.229,0,0.375,4.424,0,"{'sustain': 0.0, 'sostenuto': 0.0}",0.0|0.0,0,0,2.0|1.333
./mxl/5/32/QmfM3EXchFuJmHHM4QpqbubwQyAdoT4USe9BDNJq5JrcZY.mxl,False,,PSyllabus:ABRSM=8(ps8); PSyllabus:AMEB=7(ps8); PSyllabus:LCM=10(ps8); PSyllabus:NZMEB=7(ps8),exam-lists,Waller T.,Alligator Crawl,,"1 pitched part(s), staves 2",True,84,84,336.0,none,2/2,simple,0,0,2,0,"sound tempo (120 only, possible exporter default)",UNKNOWN,,,,,52|93,24|65,4|2,3|3,24.44|21.79,16th|16th,0|0,78|46,26|2,7|21,4|3,14|15,0|3,1|136,4|2,18|29,16|0,0.348,0,0.213,5.3,3,"{'sustain': 0.0, 'sostenuto': 0.0}",0.0|0.0,0,0,3.0|2.0
./mxl/5/32/QmfM3JtYkeZXaQbaDJrJV3V54mujUrEcGLBEn1djBtaUHM.mxl,False,,PSyllabus:AGME=8(ps8); PSyllabus:AMEB=7(ps8); PSyllabus:Piano St=8(ps8); PSyllabus:RCM=9(ps8); PSyllabus:SCSM=7(ps8),exam-lists,Chopin F.,Prelude in F major Op 28 No 13,,"1 pitched part(s), staves 2",True,956,956,3183.037,none,2/8 4/4 3/8 3/4 4/4 3/4 6/8 3/4 6/4 4/4 4/4 4/4 6/8 4/4 3/4 4/4 3/4 6/8 4/4 6/8,UNKNOWN compound simple,19,0,14,137,sound tempo,70,4.2,8.54,15.0,1.0,36|101,24|89,8|4,4|5,18.21|13.78,32nd|32nd,22|11,64|5,492|480,80|32,5|5,20|24,230|537,238|980,64|32,1024|522,383|85,0.436,1,0.476,5.633,24,"{'sustain': 0.6893, 'sostenuto': 0.0}",0.0|0.0,0,0,3.0|3.0
./mxl/5/32/QmfMAhtDv3usTXwu6xjxG1EDCf376j7CP9sVmAGQcoia7w.mxl,False,,PSyllabus:ABRSM=11(ps10); PSyllabus:AGME=10(ps10); PSyllabus:AMEB=11(ps10); PSyllabus:LCM=11(ps10); PSyllabus:Piano St=9(ps10); PSyllabus:RCM=11(ps10),exam-lists,Beethoven L.,Sonata No 31 in Ab major Op 110,,"1 pitched part(s), staves 2",True,11,10,30.0,none,6/8 12/16,compound,1,-4,1,0,none,UNKNOWN,,,,,55|80,31|68,1|3,2|3,6.82|6.25,32nd|16th,0|0,0|0,0|0,3|0,4|5,12|24,0|13,0|0,5|12,10|24,3|1,0.423,1,0.384,4.489,0,"{'sustain': 0.0, 'sostenuto': 0.0}",0.0|0.0,0,0,3.0|2.0
./mxl/5/34/QmfNseniSwST8r2CM6MKccHfJ4BB5rEu1MiZdmrP9kh2q2.mxl,False,,PSyllabus:ABRSM=8(ps8); PSyllabus:AMEB=9(ps8); PSyllabus:ANZCA=8(ps8); PSyllabus:GCSE=8(ps8); PSyllabus:LCM=10(ps8); PSyllabus:Piano St=7(ps8); PSyllabus:RCM=10(ps8); PSyllabus:SCSM=8(ps8),exam-lists,Chopin F.,Prelude in C minor Op 45,,"1 pitched part(s), staves 2",True,99,99,396.0,none,4/4,simple,0,4,0,0,sound tempo,114,3.44,6.14,3.92,1.0,52|100,25|82,5|7,3|5,41.79|45.35,16th|eighth,23|1,1|0,0|0,13|2,5|4,19|31,38|0,26|27,2|1,64|64,55|10,0.228,1,0.48,5.567,1,"{'sustain': 0.7778, 'sostenuto': 0.0}",0.0|0.0,0,0,2.0|1.75
./mxl/5/39/QmfQKXZf9jRfYbvmZU8usVRg2ktCbtqbsJG6inTLH19D6g.mxl,False,,PSyllabus:AMEB=11(ps10); PSyllabus:NZMEB=10(ps10); PSyllabus:Piano St=9(ps10); PSyllabus:RCM=9(ps10),exam-lists,Chopin F.,Etude in C minor Op 10 No 12 (Revolutionary),,"1 pitched part(s), staves 2",True,84,84,336.0,none,4/4,simple,0,-3,0,3,metronome,160,10.51,16.61,12.0,1.0,60|92,24|80,4|3,1|11,19.97|19.25,32nd|32nd,2|0,31|0,9|0,0|0,5|6,14|36,60|91,1|34,3|2,22|368,10|11,0.191,0,0.325,5.423,0,"{'sustain': 0.0, 'sostenuto': 0.0}",0.0|0.0,0,0,1.875|4.0
./mxl/5/39/QmfQRgKvJD1HzBT8fe3sYsqEiDVk6wKysDxDokriTrhfVS.mxl,False,,section III.3,piano-aio-dummies-candidates,Sousa,Stars and Stripes Forever,,"1 pitched part(s), staves 2",True,127,127,508.0,none,2/2,simple,0,-3,1,0,metronome,216,3.81,10.39,4.95,1.0,54|92,32|68,4|3,2|3,14.46|4.17,eighth|eighth,28|7,0|0,0|0,0|0,5|4,19|12,190|41,2|8,5|3,12|129,12|9,0.48,2,0.572,4.995,0,"{'sustain': 0.0, 'sostenuto': 0.0}",0.0|0.0,0,3,1.0|2.0
./mxl/5/39/QmfQUCzMimagAnE27ef1xcaVy8NykmgZhc4GzcEkgvvoUr.mxl,False,,PSyllabus:Piano St=5(ps5),exam-lists,Grieg E.,Anitras Dance - op 46 no 3 A minor,,"1 pitched part(s), staves 2",True,108,108,324.0,none,3/4,simple,0,0,0,17,sound tempo,72,3.66,8.4,5.2,1.0,53|93,33|81,4|3,3|3,21.38|18.05,eighth|16th,4|0,0|0,0|0,58|2,4|4,12|14,7|10,2|26,2|3,40|40,19|10,0.616,0,0.175,4.93,2,"{'sustain': 0.037, 'sostenuto': 0.0}",0.0|0.0,0,1,1.333|2.0
./mxl/5/39/QmfQocSypoDC3tVaiozeyXpYyPmr4sVxfuCQmG6qHSmkRj.mxl,False,,Easy,8notes,,How Great Thou Art,,"2 pitched part(s), staves 1+1",True,18,18,64.5,candidate,4/4,simple,0,-2,0,0,none,UNKNOWN,,,,,57|75,41|60,0|1,2|0,1.92|1.92,eighth|eighth,8|7,0|0,0|0,0|0,2|2,12|12,2|23,0|0,3|3,5|5,0|4,0.987,0,0.385,3.956,0,"{'sustain': 0.0, 'sostenuto': 0.0}",0.0|0.0,0,0,2.5|2.5
./mxl/5/4/Qmf5A79nYB7UV5dZpK9KwSi8Ne8zG48mrMkibh1aWcjSXe.mxl,False,,Easy,8notes,Jackson,"Breathe on Me, Breath of God",,"2 pitched part(s), staves 1+1",True,13,13,39.0,none,3/4,simple,0,-1,0,0,none,UNKNOWN,,,,,60|74,43|65,0|2,1|0,0.0|3.77,eighth|quarter,0|0,0|0,0|0,0|0,2|2,10|16,0|4,0|0,3|1,4|4,3|2,0.964,0,0.131,3.72,0,"{'sustain': 0.0, 'sostenuto': 0.0}",0.0|0.0,0,0,1.333|1.333
./mxl/5/4/Qmf5xURa1EHTgU8S2gyeFcLR3emKPHJf3tDzVaiutfAnEX.mxl,False,,Easy,8notes,Pitts,Little Brown Church in the Vale,,"2 pitched part(s), staves 1+1",True,19,19,66.5,candidate,4/4,simple,0,-2,0,0,metronome,100,2.08,7.64,2.44,1.0,62|74,46|63,0|2,0|0,0.0|0.0,16th|16th,0|0,16|15,0|0,0|0,2|3,9|12,0|23,0|1,4|7,3|5,5|4,0.928,0,0.443,3.622,0,"{'sustain': 0.0, 'sostenuto': 0.0}",0.0|0.0,0,0,2.25|2.5
./mxl/5/4/Qmf5xjwaUVxayxPHUcG4muhnABJ2E2QQgcfejkQYKefk2P.mxl,False,,Trinity=6,exam-lists,Johann Sebastian Bach,"Prelude in D minor, BWV 935",,"1 pitched part(s), staves 2",True,48,48,72.0,none,3/8,simple,0,-1,0,0,metronome,82.5,5.48,8.15,5.73,1.0,57|84,38|67,2|3,2|1,8.73|10.4,32nd|16th,0|0,0|0,0|0,0|0,1|1,0|0,0|0,1|2,4|1,48|24,0|2,0.488,0,0.192,4.818,0,"{'sustain': 0.0, 'sostenuto': 0.0}",0.0|0.0,0,2,4.0|2.0
./mxl/5/49/QmfVxuMNNjmxtqevava6E3tUC9A7vTRhVaUdpjZ2KumeK1.mxl,False,,Easy,8notes,Beethoven,7th Symphony 2nd mvt theme,,"2 pitched part(s), staves 1+1",True,76,76,152.0,none,2/4,simple,0,1,0,0,none,UNKNOWN,,,,,64|83,40|66,1|0,0|3,16.92|16.8,16th|eighth,0|0,0|0,0|0,18|0,1|4,0|24,0|12,0|16,4|3,4|46,0|0,0.386,0,0.28,4.417,0,"{'sustain': 0.0, 'sostenuto': 0.0}",0.0|0.0,0,0,0.5|3.0
./mxl/5/5/Qmf6PErv95W6XRHWfnwo5x8m3XtFfkqZ2Jt5zT69Ss4wPR.mxl,False,,PSyllabus:AGME=5(ps6); PSyllabus:AMEB=6(ps6); PSyllabus:ANZCA=7(ps6); PSyllabus:Piano St=6(ps6),exam-lists,Czerny C.,Etude Op 299 No 10,,"1 pitched part(s), staves 2",True,22,22,88.0,none,4/4,simple,0,0,0,0,metronome,100,6.12,6.97,6.67,1.0,55|101,36|65,3|2,2|2,1.26|12.0,16th|16th,0|0,0|0,0|0,0|0,4|4,12|12,0|1,6|0,1|1,191|9,0|0,0.025,0,0.011,4.967,5,"{'sustain': 0.0, 'sostenuto': 0.0}",0.4045|0.4,14,1,3.875|0.75
./mxl/5/55/QmfYhywhYp5v5dLCaVTVfzUNyAMLArwCXovZgaVTSEPDaN.mxl,False,,Intermediate,8notes,,Silent Night,,"1 pitched part(s), staves 2",True,30,30,90.0,none,3/4,simple,0,-4,0,7,sound tempo,71,1.51,3.89,1.87,1.0,51|92,32|75,4|3,3|3,0.62|1.45,eighth|eighth,8|1,0|0,0|0,0|0,4|4,12|16,0|0,4|8,2|3,4|7,3|4,0.426,0,0.662,4.339,0,"{'sustain': 1.0, 'sostenuto': 0.0}",0.0|0.0,0,0,2.0|1.667
./mxl/5/6/Qmf7qmPWUk3TFENDyd5Hf65h3BkLBVvtnbg4kE3AuHQJBJ.mxl,False,,PSyllabus:AMEB=6(ps7); PSyllabus:GCSE=7(ps7); PSyllabus:SCSM=6(ps7); PSyllabus:Trinity=8(ps7),exam-lists,Confrey Z.,Dizzy Fingers,,"1 pitched part(s), staves 2",True,151,151,604.0,none,4/4,simple,0,3,4,0,sound tempo,280,7.0,12.05,9.33,1.0,52|81,33|67,1|3,3|3,10.89|4.93,eighth|eighth,0|0,0|0,0|0,0|0,3|3,10|21,0|24,0|3,1|2,30|57,51|7,0.425,9,0.389,4.572,0,"{'sustain': 0.0, 'sostenuto': 0.0}",0.0558|0.0,93,3,1.75|1.0
./mxl/6/13/QmNcyXXbFxoRp4yPYWPVZN11ygBBtYA6ykcmpL3pjjupAt.mxl,False,,Easy,8notes,,Fairest Lord Jesus,,"2 pitched part(s), staves 1+2",False,15,15,60.0,none,4/4,simple,0,-3,0,1,metronome,100,1.19,4.42,1.46,1.0,58|75,53|61,0|0,1|3,2.5|2.44,eighth|eighth,1|1,0|0,0|0,0|0,2|1,12|0,1|0,0|0,4|4,10|10,3|0,,,0.566,4.006,0,"{'sustain': 0.0, 'sostenuto': 0.0}",0.0|0.0,0,0,1.5|0.75
./mxl/6/15/QmNdJ4uAzqMEatfvqR7AoHKzE6sXYFEsw2VPkYsSRXsW5h.mxl,False,,PSyllabus:GCSE=6(ps6),exam-lists,Scarlatti D.,Sonata in D minor K 213 L 108,,"1 pitched part(s), staves 2",True,50,50,200.0,none,4/4,simple,0,-1,0,8,sound tempo,60,3.46,5.1,4.0,1.0,59|86,38|76,2|3,1|6,13.87|12.53,32nd|32nd,0|0,25|0,0|0,51|4,3|3,12|12,6|9,4|7,2|2,31|30,5|5,0.234,0,0.155,4.933,0,"{'sustain': 0.46, 'sostenuto': 0.0}",0.0|0.0,0,2,3.0|2.5
./mxl/6/15/QmNdR3zY5SS9bfYGV8K8gzWGnd52nDm1K9jRPifXhsXvnC.mxl,False,,PSyllabus:AGME=6(ps6),exam-lists,Bach J.S.,English Suite No 2 in A minor BWV 807 mvt 5 Bouree No 1,,"1 pitched part(s), staves 2",True,164,164,492.0,none,3/4,simple,0,0,0,11,metronome,100,6.4,10.36,6.67,1.0,48|84,36|76,2|2,3|2,9.0|11.61,16th|16th,1|0,1|8,0|0,8|0,3|3,16|22,0|8,3|14,6|6,132|35,34|37,0.518,0,0.156,4.919,0,"{'sustain': 0.0, 'sostenuto': 0.0}",0.0|0.0,0,0,4.0|2.333
./mxl/6/17/QmNecetm6r2YzsBRcQ1mCGFLxhvpNusxJF4cJbzHBzRtCq.mxl,False,,B.7,rung-suggestions,,Happy Birthday to You,,"1 pitched part(s), staves 2",True,8,8,24.0,none,3/4,simple,0,0,0,0,none,UNKNOWN,,,,,67|79,None|None,0|0,0|0,0.0|None,eighth|None,0|0,0|0,0|0,0|0,1|0,0|0,0|0,0|0,2|0,5|0,0|0,0.0,0,0.0,2.709,0,"{'sustain': 0.0, 'sostenuto': 0.0}",0.0|None,0,0,1.167|0.0
./mxl/6/19/QmNfC6fPqeR7yL9itPc19BGcpaNn4y8F8ZiVegEzrSuqkP.mxl,False,,PSyllabus:ABRSM=8(ps8); PSyllabus:AGME=9(ps8); PSyllabus:AMEB=10(ps8); PSyllabus:GCSE=8(ps8); PSyllabus:NZMEB=9(ps8),exam-lists,Handel G.,Fugue in Bb major HWV 607,,"1 pitched part(s), staves 2",True,78,78,312.0,none,4/4,simple,0,-2,0,0,metronome,UNKNOWN,0.73,1.47,,0.019,55|86,36|65,2|2,2|2,5.75|5.22,16th|16th,17|7,0|0,0|0,0|0,3|3,16|12,7|9,7|3,2|3,16|24,75|21,0.538,0,0.284,4.769,0,"{'sustain': 0.0, 'sostenuto': 0.0}",0.0|0.0,0,0,2.625|1.5
./mxl/6/23/QmNhMwJyexpk6vePQ89AN3uw5uG7Ue2iwJDJEq1ua7gxzB.mxl,False,,section IV.1,piano-aio-dummies-candidates,Stephen Foster,Camptown Races,,"1 pitched part(s), staves 2",True,16,16,32.0,none,2/4,simple,0,0,0,0,metronome,100,3.44,10.57,3.75,1.0,60|72,24|60,0|1,1|5,0.0|0.0,16th|eighth,0|0,4|0,0|0,0|0,4|3,12|12,0|32,0|34,3|1,6|60,0|0,0.636,0,0.0,4.023,0,"{'sustain': 0.0, 'sostenuto': 0.0}",0.0|0.0,0,1,1.75|5.0
./mxl/6/28/QmNkuosBpVNqAdUBEsC7j2chDgGXUZJdjNKNZzaDZiLske.mxl,False,,Intermediate,8notes,Edwin Excell,Count Your Blessings,,"2 pitched part(s), staves 1+1",True,32,32,64.0,none,2/4,simple,0,-3,0,0,metronome,97,2.4,8.61,2.83,1.0,58|75,46|65,0|2,1|0,0.6|0.0,16th|16th,3|0,0|0,0|0,0|0,2|2,10|12,0|46,0|0,3|12,8|8,3|1,0.811,0,0.718,3.484,0,"{'sustain': 0.0, 'sostenuto': 0.0}",0.0|0.0,0,0,2.0|2.75
./mxl/6/28/QmNkvT8jr5LJPb9Pu9hHsT9CMX1ghW3KAPbrrbuW2nBE7k.mxl,False,,RCM=6,exam-lists,"Bach, Carl Philipp Emanuel","Polonaise in G Minor, BWV Anh. 125",,"1 pitched part(s), staves 2",True,24,24,72.0,none,3/4,simple,0,-2,0,0,metronome,100,4.61,8.19,5.56,1.0,58|80,36|62,1|1,1|2,7.44|9.27,16th|16th,0|0,0|0,0|0,0|0,3|2,9|9,0|0,0|1,2|2,11|9,6|0,0.497,0,0.322,4.466,0,"{'sustain': 0.0, 'sostenuto': 0.0}",0.0|0.0,0,2,2.667|2.333
./mxl/6/31/QmNmhQ9a43aNtYEUQGyiWJWjF8dLsr8HounSzKeKwLXq8o.mxl,False,,PSyllabus:AMEB=5(ps5); PSyllabus:NZMEB=5(ps5),exam-lists,Scarlatti D.,Sonata in G major K 391 L 79,,"1 pitched part(s), staves 2",True,60,60,180.0,none,3/4,simple,0,1,0,0,metronome,120,3.47,4.87,5.67,1.0,61|86,31|62,2|1,1|3,4.27|0.0,eighth|quarter,4|0,0|0,75|0,4|0,2|2,8|12,0|24,3|2,2|4,21|17,16|0,0.263,0,0.16,4.635,0,"{'sustain': 0.0, 'sostenuto': 0.0}",0.0|0.0,0,2,1.667|0.333
./mxl/6/32/QmNMrmAX9M6y6ye7vJVmFwerT5WsfzxHeKvFw2ZySzveh6.mxl,False,,PSyllabus:AMEB=10(ps10); PSyllabus:Piano St=9(ps10); PSyllabus:RCM=12(ps10),exam-lists,Rachmaninoff S.,Etude-tableau Op 33 No 8 Grave in C minor,,"1 pitched part(s), staves 2",True,45,45,178.0,none,4/4 2/4 4/4,simple,2,-2,0,22,sound tempo,72,4.53,6.76,9.6,1.0,45|100,25|91,4|4,3|5,14.92|15.83,32nd|32nd,0|0,0|3,9|3,16|4,5|4,21|12,0|3,22|34,4|2,48|23,26|16,0.208,0,0.346,5.179,3,"{'sustain': 0.0, 'sostenuto': 0.0}",0.0256|0.0,0,0,3.5|2.5
./mxl/6/33/QmNn3mLEW2GbdARLc5iZrZVV4K8NJMgX42ci6MY9kLScBy.mxl,False,,Easy,8notes,George C. Stebbins,Jesus Is Tenderly Calling You Home,,"2 pitched part(s), staves 1+1",True,16,16,47.25,none,6/8,compound,0,0,0,0,metronome,90,2.25,8.03,2.62,1.0,60|76,48|62,0|1,1|0,3.1|0.7,16th|16th,0|0,0|0,0|0,0|0,3|2,9|12,0|26,0|0,5|8,9|9,1|2,0.775,0,0.036,3.678,0,"{'sustain': 0.0, 'sostenuto': 0.0}",0.0|0.0,0,0,2.667|3.0
./mxl/6/33/QmNnKqxQrUPJm5EyiRExBg4e81iHGsRwccGeKSYi1PgZoR.mxl,False,,Advanced,8notes,Czerny,"The Art of Preluding, Op.300",,"1 pitched part(s), staves 2",True,10,10,40.0,none,4/4,simple,0,-1,0,3,sound tempo,52.5,2.23,2.89,2.62,1.0,53|93,32|52,4|0,2|3,16.3|7.69,eighth|eighth,0|0,0|0,25|7,0|0,3|2,9|14,0|0,0|0,2|3,21|6,7|9,0.108,0,0.242,5.128,0,"{'sustain': 0.0, 'sostenuto': 0.0}",0.0|0.0,0,0,2.5|1.25
./mxl/6/34/QmNNEw95ndQ6v6hcAffQnp1pNB4WwjCn3u9qtsxXREG8DZ.mxl,False,,PSyllabus:ABRSM=3(ps3),exam-lists,Elgar E.,Salut damour Op 12 arr. Jones,,"1 pitched part(s), staves 2",True,100,100,200.0,none,2/4,simple,0,4,2,2,metronome,72,2.22,7.19,2.7,1.0,49|93,28|69,4|3,3|4,7.83|4.9,16th|16th,4|0,6|1,0|0,3|3,4|4,12|19,65|35,3|83,5|6,22|14,75|74,0.673,0,0.4,5.1,0,"{'sustain': 0.0, 'sostenuto': 0.0}",0.0|0.0,0,0,3.5|3.0
./mxl/6/34/QmNNGiimJDmcNwbeChBnHzumr66vetyisDfaTn3AxkM8iK.mxl,False,,Easy,8notes,,Be Thou My Vision,,"1 pitched part(s), staves 2",True,26,26,78.0,none,3/4,simple,0,1,0,0,metronome,95,2.58,3.82,2.9,1.0,55|79,42|67,0|3,2|0,0.0|0.0,eighth|eighth,2|0,0|0,0|0,0|0,2|3,7|16,0|0,1|6,4|3,8|5,0|0,0.283,0,0.053,4.182,0,"{'sustain': 0.0, 'sostenuto': 0.0}",0.0|0.0,0,1,1.0|1.333
./mxl/6/36/QmNpKpq82DUBdAwPxBR1iK4gK7p5jZDPDaJH1aU3fAiWsH.mxl,False,,Intermediate,8notes,Tchaikovsky,"The Seasons Op. 37a, No.3. March - Song of the Lark",,"1 pitched part(s), staves 2",True,46,46,92.0,none,2/4,simple,0,-2,0,2,sound tempo,50,3.06,5.17,4.69,1.0,55|86,38|72,2|2,2|1,13.7|10.39,64th|32nd,0|0,19|10,10|3,24|0,3|3,10|10,0|0,3|7,4|14,9|44,6|39,0.266,0,0.313,4.545,0,"{'sustain': 0.4783, 'sostenuto': 0.0}",0.0|0.0,0,0,3.0|3.25
./mxl/6/36/QmNpmEYdfCWUtEqnNkSX4LKDaVUFDZNrefuf2BgNRKTTQh.mxl,False,,Trinity=5,exam-lists,Kazumi Totaka,Mii Channel Theme,,"1 pitched part(s), staves 4",False,25,25,100.0,none,4/4,simple,0,3,0,0,metronome,120,2.78,6.22,3.62,1.0,58|75,67|85,0|2,2|0,39.53|40.87,16th|16th,0|0,0|0,0|5,0|0,1|1,0|0,0|0,0|0,3|3,6|6,1|6,,,0.63,4.314,0,"{'sustain': 0.0, 'sostenuto': 0.0}",0.0|0.0,0,1,0.75|1.25
./mxl/6/38/QmNqgvKQnizaZFxxExpjXuyizpUx6X1z9oDAPXoYdV4ke6.mxl,False,,ANZCA Modern=5,exam-lists,,Forrest Gump – Main Title,,"2 pitched part(s), staves 1+1",True,67,67,268.0,none,4/4,simple,0,3,1,3,none,UNKNOWN,,,,,60|90,36|78,3|4,1|2,1.36|0.95,eighth|eighth,1|0,0|0,0|0,0|0,3|2,12|12,6|1,7|2,4|13,8|15,19|65,0.482,0,0.201,4.669,0,"{'sustain': 0.0, 'sostenuto': 0.0}",0.0|0.0,0,0,1.75|1.5
./mxl/6/39/QmNQUCJXnx7RiSRGrK4w6Err8gzbuAwrutoHH8XfpWJ1rv.mxl,False,,Trinity=6,exam-lists,Harry Thacker Burleigh,Through Moanin’ Pines (no. 1 from From the Southland),,"1 pitched part(s), staves 2",True,40,40,157.0,candidate,4/4,simple,0,3,0,0,metronome,66,1.33,3.33,1.86,1.0,56|85,33|66,2|2,2|3,13.19|11.89,eighth|eighth,0|1,0|0,0|0,0|0,5|4,16|28,13|0,0|6,2|3,6|9,24|16,0.447,0,0.423,4.678,0,"{'sustain': 0.0, 'sostenuto': 0.0}",0.0|0.0,0,0,1.875|1.5
./mxl/6/40/QmNrd7h2qw73efHz922LhEEhRJitKNjRQtP7RGkM6fnwP8.mxl,False,,ANZCA Modern=7,exam-lists,,Peaches and Cream,,"2 pitched part(s), staves 1+1",True,136,136,272.0,none,2/4,simple,0,0,0,2,metronome,100,4.92,11.91,5.83,1.0,60|91,29|72,4|3,1|10,6.42|7.69,32nd|16th,2|0,0|0,0|0,0|0,4|4,12|12,18|141,4|67,3|2,9|63,14|0,0.452,0,0.115,5.078,0,"{'sustain': 0.0, 'sostenuto': 0.0}",0.0|0.0,0,0,3.5|4.0
./mxl/6/43/QmNSDSW8PtGef71CEvbYbzE8ZDXKFqmVEVRmV3NmYkfM6b.mxl,False,,Intermediate,8notes,Mozart,"Piano Sonata No.1 in C major, K.279/189d",,"1 pitched part(s), staves 2",True,336,334,939.5,none,4/4 3/4 2/4,simple,2,0,2,62,sound tempo,120,5.1,7.69,8.25,1.0,53|88,31|79,3|3,3|5,8.5|8.09,32nd|16th,15|8,6|0,60|65,143|2,4|4,12|26,3|134,15|49,8|8,81|96,20|21,0.275,3,0.116,4.992,0,"{'sustain': 0.1935, 'sostenuto': 0.0}",0.0|0.0,0,6,2.5|2.375
./mxl/6/47/QmNUb9naFC7iTu4pG8qErcXarTucy5V6jiGEWqKvjvBHXP.mxl,False,,Intermediate,8notes,Bach,Fuga a 4 BWV 846,,"1 pitched part(s), staves 2",True,27,27,108.0,none,4/4,simple,0,0,0,0,metronome,55.0,3.38,6.22,3.84,1.0,57|84,40|67,2|3,2|1,8.13|8.72,32nd|32nd,1|0,6|0,0|0,0|0,3|2,16|21,2|9,2|4,2|2,15|19,25|22,0.457,0,0.082,4.709,0,"{'sustain': 0.0, 'sostenuto': 0.0}",0.0|0.0,0,0,4.5|3.75
./mxl/6/54/QmNy8h1hS93uqwdXgFTkjjGo4MXvi5xM5mmrePTcRPLJkU.mxl,False,,PSyllabus:ABRSM=10(ps10); PSyllabus:AGME=10(ps10); PSyllabus:AMEB=11(ps10); PSyllabus:LCM=11(ps10); PSyllabus:NZMEB=10(ps10); PSyllabus:Piano St=9(ps10),exam-lists,Rachmaninoff S.,Etude-tableau in A minor No 2 from Etudes-tableaux Op39,,"1 pitched part(s), staves 2",True,621,621,2010.0,none,4/4 2/4 4/4 3/4,simple,3,-3,0,11,metronome,144,0.38,0.75,14.25,1.0,55|94,24|75,5|3,2|5,14.08|17.99,32nd|32nd,0|0,0|0,85|23,0|0,4|4,12|27,0|49,13|31,3|4,91|17,0|9,0.306,0,0.409,5.342,0,"{'sustain': 0.0, 'sostenuto': 0.0}",0.0|0.0,0,0,0.0|0.0
./mxl/6/54/QmNyaupjnP2L7AgSvjuq5TmDoDhqCJiKhGd8rT9CefbkMY.mxl,False,,RCM=10,exam-lists,"Debussy, Claude",Clair de lune (no. 3),,"1 pitched part(s), staves 2",True,17,17,76.5,none,9/8,compound,0,0,0,1,metronome,69,1.26,2.19,1.79,1.0,55|79,36|68,0|1,2|2,0.0|4.41,eighth|eighth,0|0,0|0,2|0,0|0,3|3,9|10,0|0,0|0,2|1,10|6,7|1,0.143,0,0.014,4.172,0,"{'sustain': 0.0, 'sostenuto': 0.0}",0.0|0.0,0,0,1.556|0.889
./mxl/6/56/QmNzLaGaVjZwdhMa4qPUZRypAk9fbPHdiCpV5pPeKHEkSF.mxl,False,,Intermediate,8notes,Mountain,Like a River Glorious,,"2 pitched part(s), staves 1+1",True,24,24,96.0,none,4/4,simple,0,-1,0,0,metronome,115,1.36,5.23,1.44,1.0,57|74,41|62,0|1,2|0,1.52|3.08,quarter|quarter,0|0,0|0,0|0,0|0,2|2,12|12,2|7,0|0,2|3,4|6,2|2,0.971,0,0.088,3.977,0,"{'sustain': 0.0, 'sostenuto': 0.0}",0.0|0.0,0,0,1.5|1.625
./mxl/6/9/QmNa7CMGVoZ9xNXBffWqnJSX9hmAd2LGxKi94R9MHJZ5ju.mxl,False,,Easy,8notes,,Fairest Lord Jesus,,"2 pitched part(s), staves 1+1",True,47,47,188.0,none,4/4,simple,0,2,0,0,none,UNKNOWN,,,,,61|74,61|74,0|0,1|1,0.0|0.96,quarter|quarter,0|0,0|0,0|0,0|0,1|1,0|0,0|0,0|0,4|5,10|10,0|0,0.667,0,0.319,2.683,0,"{'sustain': 0.0, 'sostenuto': 0.0}",0.0|0.0,0,0,0.75|0.75
./mxl/6/9/QmNaqD2Nuzp8hPCEAucgS8JvuyUkmdnv6faRRJGGPvdgp3.mxl,False,,PSyllabus:AGME=5(ps5); PSyllabus:SCSM=5(ps5),exam-lists,Heller S.,Op 45 No 19 in F major - Spinning Song,,"1 pitched part(s), staves 2",True,40,40,120.0,none,6/8,compound,0,-1,0,1,none,UNKNOWN,,,,,57|98,29|74,2|5,2|10,3.75|1.18,16th|16th,0|0,0|0,0|0,0|0,4|2,12|12,12|6,3|7,9|5,150|29,28|13,0.273,0,0.125,4.249,2,"{'sustain': 0.0, 'sostenuto': 0.0}",0.0|0.0,0,0,4.833|1.667
./mxl/7/10/QmPAiAnfCj6XrH3ofvRLy5yjCQbidz8WoCAb738C2v2NtQ.mxl,False,,Intermediate,8notes,Mozart,Piano Concerto No.21 K467 2nd mvt Elvira Madigan,,"2 pitched part(s), staves 2+2",False,104,104,416.0,none,4/4,simple,0,-1,0,13,sound tempo,80,4.6,13.11,6.58,1.0,45|89,36|77,3|2,0|2,18.42|4.79,32nd|16th,6|0,8|2,31|153,6|0,2|3,12|12,2|16,5|0,5|6,28|60,0|26,,,0.221,5.083,0,"{'sustain': 0.9615, 'sostenuto': 0.0}",0.0|0.0,0,0,0.875|0.5
./mxl/7/12/QmPBMKck7ktzCM82ggWXePzbzpXPxrAP7euW2HmrX4oF3o.mxl,False,,Intermediate,8notes,Schubert,12 German Dances/5 Ecossaises D.420/529,,"1 pitched part(s), staves 2",True,26,26,72.0,confirmed,3/4,simple,0,2,0,0,metronome,174,3.18,11.12,3.87,1.0,66|86,42|64,2|2,0|0,3.31|3.2,eighth|eighth,0|0,0|0,0|0,2|0,3|3,14|12,12|16,0|0,6|11,10|22,8|11,0.81,0,0.348,4.083,0,"{'sustain': 0.7692, 'sostenuto': 0.0}",0.0|0.0,0,2,2.0|1.667
./mxl/7/13/QmPcZ5vXeX5YEK77qDFMLrNkswKpMsRczQgeg3wfWeki6V.mxl,False,,PSyllabus:AMEB=2(ps2); PSyllabus:LCM=1(ps2); PSyllabus:RCM=3(ps2),exam-lists,Petzold C.,Minuet in G major BWV Anh 114 (Notenbuch der Anna Magdalena Bach),,"2 pitched part(s), staves 1+1",True,32,32,96.0,none,3/4,simple,0,1,0,0,none,UNKNOWN,,,,,59|83,43|64,1|2,1|0,2.33|2.67,eighth|eighth,0|0,0|0,0|0,0|0,3|3,8|7,0|0,0|0,2|2,6|9,0|3,0.46,0,0.118,4.218,0,"{'sustain': 0.0, 'sostenuto': 0.0}",0.0|0.0,0,2,1.5|0.834
./mxl/7/13/QmPcq4TB1ENfcbt3DLoQCPuma3TyfpPQauL5BD3tdciZSG.mxl,False,,Advanced,8notes,Schumann,"6 Concert Etudes after Paganini Caprices, Op.10",,"1 pitched part(s), staves 2",True,128,128,277.0,none,4/4 3/8 4/4,simple,2,1,2,0,metronome,UNKNOWN,2.15,5.51,3.33,0.903,52|100,28|67,6|3,3|4,30.44|28.82,16th|16th,0|0,0|0,5|2,0|0,10|8,29|31,61|0,8|21,2|2,335|76,71|11,0.548,0,0.315,5.367,1,"{'sustain': 0.0859, 'sostenuto': 0.0}",0.0|0.0,0,1,4.0|2.125
./mxl/7/16/QmPD8KJxtDLSJ8TXNt9NWEkfVBmKDFWbRDr7RjECeWzz8V.mxl,False,,Easy,8notes,,A La Claire Fontaine,,"1 pitched part(s), staves 2",True,12,12,24.0,none,2/4,simple,0,0,0,0,none,UNKNOWN,,,,,60|67,48|55,0|0,1|0,0.0|0.0,16th|quarter,0|0,0|0,0|0,0|0,1|1,0|0,0|0,0|0,3|1,6|7,0|0,0.333,0,0.0,2.467,0,"{'sustain': 0.0, 'sostenuto': 0.0}",0.0|0.0,0,0,1.5|0.5
./mxl/7/16/QmPD9REJU9ssdA78fLwzoFYeWFS1SpiGuUvx2TcTqNST15.mxl,False,,PSyllabus:ABRSM=7(ps7); PSyllabus:GCSE=7(ps7),exam-lists,Mozart W.,Gigue in G major K 574,,"1 pitched part(s), staves 2",True,41,41,116.5,confirmed,6/8 5/8 1/8 6/8 5/8,UNKNOWN compound simple,4,1,0,0,sound tempo,172.5,5.68,12.12,5.75,1.0,57|86,31|67,2|3,2|3,24.41|25.64,eighth|eighth,0|0,0|0,0|0,0|0,3|4,19|12,3|34,10|4,8|6,55|26,28|16,0.478,0,0.257,5.255,0,"{'sustain': 0.0, 'sostenuto': 0.0}",0.0|0.0,0,2,2.4|2.0
./mxl/7/17/QmPeNkeB5bQroiUhMR7SW343pzY9G7Y9qVDniLthP3Zf4e.mxl,False,,ANZCA Modern=8,exam-lists,,Cielito Lindo,,"1 pitched part(s), staves 2",True,39,39,117.0,none,3/4,simple,0,0,0,0,none,UNKNOWN,,,,,53|84,36|55,2|0,3|2,0.48|0.0,eighth|eighth,0|0,0|0,0|0,0|0,3|2,11|12,0|5,2|0,2|2,10|5,0|0,0.371,3,0.004,4.118,0,"{'sustain': 0.0, 'sostenuto': 0.0}",0.0|0.0,0,2,2.0|0.667
./mxl/7/19/QmPfuNsdEtFJHYiNnsd493vNW1ULx6ADCP737YpjePWbEW.mxl,False,,Intermediate,8notes,Domenico Scarlatti,"Keyboard Sonata in D major, K.335",,"1 pitched part(s), staves 2",True,104,104,416.0,none,2/2,simple,0,2,0,0,metronome,UNKNOWN,3.56,4.52,5.27,0.865,64|86,38|66,2|2,0|1,8.88|12.4,eighth|eighth,0|0,0|0,0|0,6|0,1|2,0|12,0|1,4|0,2|5,66|42,0|0,0.263,0,0.202,4.703,0,"{'sustain': 0.0, 'sostenuto': 0.0}",0.0|0.0,0,2,1.25|0.5
./mxl/7/21/QmPg3YVnGmALX7TUEjpNtHobhqaizy6pDCmuSkW4xEvT5H.mxl,False,,PSyllabus:AMEB=8(ps9); PSyllabus:LCM=10(ps9),exam-lists,Beethoven L.,Rondo a Capriccio (Rage over a lost penny) Op 129,,"1 pitched part(s), staves 2",True,442,442,880.031,none,2/4,simple,0,1,4,28,sound tempo,174,8.73,16.97,12.69,1.0,41|89,29|79,3|3,3|4,18.34|11.65,16th|16th,0|2,0|0,6|5,4|0,4|4,12|12,90|30,40|44,8|14,95|124,33|42,0.359,13,0.259,5.39,0,"{'sustain': 0.1878, 'sostenuto': 0.0}",0.0|0.0,0,4,2.5|2.5
./mxl/7/21/QmPgFprxSsW4RuKEDB5rHrHEigDSxRft3HjDiHVnEARFEL.mxl,False,,PSyllabus:AMEB=11(ps10); PSyllabus:Piano St=6(ps10),exam-lists,Chopin F.,Mazurka in C minor Op 30 No 1 CT 68,,"1 pitched part(s), staves 2",True,54,54,160.0,candidate,3/4,simple,0,-3,0,0,metronome,UNKNOWN,2.6,5.85,2.85,0.356,55|80,32|68,1|3,2|3,13.1|14.08,16th|16th,3|0,22|1,0|0,24|0,3|3,12|15,6|6,0|10,4|2,8|21,44|19,0.457,0,0.294,4.598,0,"{'sustain': 0.1852, 'sostenuto': 0.0}",0.0|0.0,0,0,1.667|1.667
./mxl/7/25/QmPijiohPK3Hqk3WnVhsRqiZMimuksJaXQCu62y5DtKWpK.mxl,False,,ANZCA Modern=4,exam-lists,,Lullaby of Birdland,,"1 pitched part(s), staves 2",True,26,26,104.0,none,4/4,simple,0,-4,0,0,none,UNKNOWN,,,,,53|75,27|61,0|1,3|4,21.82|18.44,eighth|eighth,0|3,0|0,0|0,0|0,4|3,12|16,0|0,0|1,2|2,14|6,0|0,0.569,0,0.467,4.848,0,"{'sustain': 0.0, 'sostenuto': 0.0}",0.0|0.0,55,1,3.0|1.625
./mxl/7/25/QmPizTH53rTEhhJtndw4AhnokFkkcxQYmbTj39dFH3isk4.mxl,False,,ANZCA Modern=5,exam-lists,,Angry Birds Theme,,"1 pitched part(s), staves 2",True,35,35,136.5,candidate,4/4,simple,0,1,0,0,none,UNKNOWN,,,,,67|100,47|64,6|2,0|0,4.47|0.61,16th|eighth,0|0,8|0,0|0,0|0,3|2,12|12,2|2,2|1,16|4,39|31,30|10,0.438,0,0.1,4.337,1,"{'sustain': 0.0, 'sostenuto': 0.0}",0.0|0.0,0,0,4.0|1.0
./mxl/7/26/QmPjXQ2p97GXTXHn39M1srmcMWMoejeqDWKV5sC7VnLV9t.mxl,False,,Trinity=5,exam-lists,Léo Delibes,Flower Duet (from Lakmé),,"2 pitched part(s), staves 1+1",False,23,23,69.0,none,6/8,compound,0,-1,0,0,metronome,55.0,2.43,4.08,3.06,1.0,58|77,62|86,0|2,1|0,1.82|1.4,16th|16th,0|0,0|0,0|0,1|1,1|1,0|0,0|0,0|4,2|2,16|16,0|0,,,0.156,3.819,0,"{'sustain': 0.0, 'sostenuto': 0.0}",0.0|0.0,0,1,2.333|2.0
./mxl/7/3/QmP459Gg8em3qE6QpfaoCogABdTCaPp16WSM2ZP41nUu4o.mxl,False,,Advanced,8notes,James Scott,Frog Legs Rag,,"1 pitched part(s), staves 2",True,89,89,176.0,confirmed,2/4,simple,0,-5,1,0,metronome,105,5.82,14.01,7.0,1.0,60|96,32|66,4|3,1|3,7.94|7.7,16th|16th,1|0,0|0,0|0,4|0,4|4,12|12,57|134,18|37,2|2,42|67,0|0,0.41,0,0.605,5.162,9,"{'sustain': 0.0, 'sostenuto': 0.0}",0.0|0.0,0,4,4.5|4.5
./mxl/7/31/QmPmJvn4UQxr2ucn5xMwBcTcXPqiP6DnnCrDryJw2XCR4D.mxl,False,,PSyllabus:AGME=5(ps6); PSyllabus:ANZCA=7(ps6); PSyllabus:Piano St=5(ps6); PSyllabus:SCSM=5(ps6),exam-lists,Haydn J.,Sonata in C major Hob XVI7,,"1 pitched part(s), staves 2",True,114,114,236.5,none,2/4 3/4 3/8,simple,2,0,2,16,sound tempo,100,4.21,6.1,6.25,1.0,60|86,36|76,2|3,1|2,5.75|4.53,32nd|16th,0|0,6|0,14|0,3|0,3|4,12|15,1|12,2|18,4|2,32|18,0|3,0.288,0,0.067,4.624,0,"{'sustain': 0.0, 'sostenuto': 0.0}",0.0457|0.0344,0,8,2.0|1.583
./mxl/7/32/QmPMGUoKCzpnHAGzMPQdMbmXS731juBmSKujW1cpkr57ES.mxl,False,,Easy,8notes,Mozart,Minuet and Trio K.1,,"2 pitched part(s), staves 1+1",True,36,36,96.0,confirmed,3/4,simple,0,1,1,0,metronome,144,3.42,6.2,4.4,1.0,62|86,38|65,2|2,0|1,4.41|1.68,16th|16th,0|0,0|0,2|0,0|0,1|2,0|8,0|0,0|1,2|3,5|9,0|0,0.701,0,0.077,4.58,0,"{'sustain': 0.0, 'sostenuto': 0.0}",0.0|0.0,0,4,1.333|1.0
./mxl/7/32/QmPMz5JDxxaTcP1niToyM4tWFv48S9KV4RdvZa32uGdV1A.mxl,False,,Advanced,8notes,Chopin,Preludes Op.28 (Complete Score),,"1 pitched part(s), staves 2",True,26,26,104.0,none,4/4,simple,0,1,0,0,metronome,50,0.9,1.89,1.3,1.0,55|84,28|64,2|2,2|4,10.84|11.61,16th|quarter,1|0,5|0,2|0,6|0,3|3,9|12,0|3,0|0,2|6,10|30,0|0,0.375,0,0.191,4.583,0,"{'sustain': 0.0385, 'sostenuto': 0.0}",0.0|0.0,0,0,0.5|1.75
./mxl/7/34/QmPNEWBL1zh2dThcv7LTwDZ74rxKgedDdCWrrzRcgaKJCb.mxl,False,,Easy,8notes,,A Merry Christmas,,"2 pitched part(s), staves 1+1",True,12,12,48.0,none,2/2,simple,0,-2,0,0,none,UNKNOWN,,,,,58|82,46|62,1|1,1|0,0.0|0.0,eighth|eighth,0|0,0|0,4|0,0|0,1|1,0|0,0|0,1|0,2|3,12|11,0|0,0.391,0,0.385,3.904,0,"{'sustain': 0.0, 'sostenuto': 0.0}",0.0|0.0,0,2,1.5|0.5
./mxl/7/34/QmPNZH9ot8nd2986cULq7bW7YfACNtsezLgW4vkoMMfZtK.mxl,False,,ANZCA Modern=3; ANZCA Modern=6,exam-lists,,Think of Me,,"1 pitched part(s), staves 2",True,31,31,124.0,none,4/4,simple,0,1,0,0,metronome,90,3.22,9.57,3.75,1.0,50|91,24|55,4|0,4|5,0.0|0.0,32nd|eighth,0|0,6|0,8|0,0|0,4|2,11|12,0|172,2|0,4|40,6|3,0|0,0.293,0,0.016,4.15,6,"{'sustain': 0.0, 'sostenuto': 0.0}",0.0|0.0,0,0,3.5|3.0
./mxl/7/35/QmPofJKXBYyLeFkgBJGG5uDk1pKw2xkfZSnLi7mBGrCQay.mxl,False,,PSyllabus:AGME=7(ps7),exam-lists,Joplin S.,Palm Leaf Rag,,"1 pitched part(s), staves 2",True,85,85,169.0,confirmed,2/4,simple,0,-4,2,4,metronome,UNKNOWN,2.0,10.0,,0.012,60|92,32|73,4|3,1|3,6.77|11.6,16th|16th,0|0,6|0,0|0,0|0,4|4,12|12,96|153,1|42,5|4,19|104,0|2,0.333,0,0.626,5.019,0,"{'sustain': 0.0, 'sostenuto': 0.0}",0.0|0.0,0,4,4.5|5.0
./mxl/7/35/QmPonJGxaesb13WhENtmiUTNRYWsBc17UoVt4tfJpiKgP6.mxl,False,,Intermediate,8notes,Schubert,12 Valses Nobles D.969,,"1 pitched part(s), staves 2",True,37,37,109.0,confirmed,3/4,simple,0,0,0,0,metronome,160,3.06,12.65,3.56,1.0,57|93,29|65,4|2,2|4,2.32|4.65,16th|eighth,8|3,0|0,0|0,0|0,4|4,12|12,48|43,0|2,4|12,6|8,0|0,0.632,0,0.066,5.021,0,"{'sustain': 0.0, 'sostenuto': 0.0}",0.0|0.0,0,0,2.667|1.667
./mxl/7/38/QmPqGTx8iM8rNKu75hjZoyvpyNHxL18XwVnsqqLTrpaJAw.mxl,False,,session 14,learnandmaster-songs,,Fur Elise,,"1 pitched part(s), staves 2",True,26,26,74.0,confirmed,3/4,simple,0,0,0,2,metronome,92,2.98,3.4,3.07,1.0,60|88,33|76,3|2,1|3,14.56|11.48,eighth|eighth,3|0,0|0,0|0,0|0,2|1,9|0,0|0,1|0,2|1,9|3,0|0,0.132,2,0.116,3.975,0,"{'sustain': 0.7308, 'sostenuto': 0.0}",0.0|0.0,0,2,1.333|1.0
./mxl/7/39/QmPQGicV5mt3LHeNv1BjDKhCPWmsS1JxBThUKFXccL4MjZ.mxl,False,,RCM=8,exam-lists,"Kalinnikov, Vasili",Chanson triste,,"1 pitched part(s), staves 2",True,24,24,120.0,none,5/4,UNKNOWN,0,-2,0,24,sound tempo,80,2.09,4.43,2.27,1.0,58|84,31|75,2|2,1|3,7.62|8.99,eighth|eighth,0|0,0|0,0|0,37|0,4|4,14|12,4|25,0|23,3|2,16|5,10|15,0.367,0,0.281,4.742,0,"{'sustain': 1.0, 'sostenuto': 0.0}",0.0|0.0,0,0,1.6|1.6
./mxl/7/47/QmPUyKD5Kmw2KAExu3bqXJCffS3UUaPtU1erBRwJZyaRAT.mxl,False,,PSyllabus:Piano St=9(ps10); PSyllabus:RCM=11(ps10); PSyllabus:SCSM=7(ps10),exam-lists,Chopin F.,Prelude in F major Op 28 No 23,,"1 pitched part(s), staves 2",True,22,22,88.0,none,4/4,simple,0,-1,0,10,metronome,72,5.14,7.17,6.84,1.0,57|101,36|81,4|3,2|4,1.73|3.47,16th|16th,0|0,0|1,0|7,0|16,2|4,6|7,0|0,3|7,1|1,336|13,0|5,0.307,0,0.055,4.774,2,"{'sustain': 0.9091, 'sostenuto': 0.0}",0.0|0.0,0,0,4.0|1.25
./mxl/7/48/QmPvTP4paoGfAPpd3kGfVW23KT5gcpYKpd7ZxUD8RCcdHS.mxl,False,,Advanced,8notes,Scott Joplin,Weeping Willow - A Rag Time Two Step,,"1 pitched part(s), staves 2",True,88,88,176.0,none,2/4,simple,0,1,1,0,sound tempo,66,3.47,8.85,4.12,1.0,57|86,35|67,2|3,2|2,9.65|7.46,16th|16th,2|0,13|0,0|0,0|0,4|4,12|12,20|116,7|23,3|2,19|56,19|3,0.357,1,0.126,5.045,0,"{'sustain': 0.0, 'sostenuto': 0.0}",0.0|0.0,0,4,5.0|4.0
./mxl/7/49/QmPVkCjbtKAtfg4p44C8C3hCHDWUrp2aFaqtc9YUsGsMnd.mxl,False,,Easy,8notes,Charles Wesley,"Come, Thou Long Expected Jesus",,"2 pitched part(s), staves 1+2",False,32,32,96.0,none,3/4,simple,0,-1,0,3,metronome,100,1.58,5.14,2.08,1.0,60|74,45|62,0|1,1|5,0.65|1.32,eighth|eighth,0|2,0|0,0|0,0|0,2|1,12|0,2|0,0|0,2|5,10|7,14|3,,,0.098,3.989,0,"{'sustain': 0.0, 'sostenuto': 0.0}",0.0|0.0,0,0,1.667|0.667
./mxl/7/5/QmP6mzoeTj9T8qXhhg1sQ8BZvxUpHmKWjNbR2dx2YmkAWG.mxl,False,,Easy,8notes,Czerny,100 Progressive Recreations,,"1 pitched part(s), staves 2",True,16,16,64.0,none,4/4,simple,0,0,0,0,none,UNKNOWN,,,,,71|79,60|67,0|0,0|1,0.0|0.0,half|half,0|0,0|0,0|0,0|0,2|1,4|0,0|0,0|0,3|3,6|3,0|0,0.75,0,0.0,2.813,0,"{'sustain': 0.0, 'sostenuto': 0.0}",0.6786|0.0952,0,2,1.0|0.25
./mxl/7/52/QmPxLJ7CnzLzmnumP9FTcybCHjESQSSgKefE9pjVTzup6W.mxl,False,,Easy,8notes,Mozart,"May Time, Sehnsucht nach dem Fruhling, K.596",,"2 pitched part(s), staves 1+1",True,21,21,60.0,confirmed,6/8,compound,0,-1,0,0,metronome,96,3.17,5.6,3.2,1.0,64|86,46|65,2|2,0|0,5.0|0.83,eighth|eighth,0|0,0|0,0|0,3|0,2|2,6|4,0|0,0|1,3|1,14|114,0|0,0.714,0,0.1,4.164,0,"{'sustain': 0.0, 'sostenuto': 0.0}",0.0|0.0,0,0,1.667|2.0
./mxl/7/55/QmPYYe6pALobPqiNuvLhX7SnqonB6aLXxztqnMhHNgR1xn.mxl,False,,Advanced,8notes,Beethoven,"Piano Sonata No.21, Op.53",,"1 pitched part(s), staves 3",False,304,302,1216.0,none,4/4,simple,0,0,0,26,metronome,UNKNOWN,3.19,10.26,7.83,0.032,None|None,41|93,0|4,0|2,None|18.79,None|16th,0|0,0|0,0|216,0|37,0|4,0|12,0|67,0|38,0|13,0|180,0|34,,,0.224,5.69,0,"{'sustain': 0.0, 'sostenuto': 0.0}",None|0.0,0,1,0.0|2.5
./mxl/7/55/QmPYotWtap1ACGEHgJDwmxjomKW1Hpj9oc1AdrdMV5EgQr.mxl,False,,RCM=PrepA,exam-lists,,Cradle Song,,"2 pitched part(s), staves 1+2",False,37,37,109.0,confirmed,3/4,simple,0,-3,0,0,metronome,80,2.37,5.48,2.67,1.0,63|75,55|80,0|1,0|2,0.0|1.39,eighth|eighth,4|8,0|0,0|0,0|0,1|3,0|12,0|0,0|0,2|3,4|7,0|0,,,0.576,3.883,0,"{'sustain': 0.0, 'sostenuto': 0.0}",0.0|0.0,0,0,1.0|2.667
./mxl/7/55/QmPYp85u2g1APGGJtWQuK7sqAUZe5QGxyMEVPvQCfakvn3.mxl,False,,ABRSM=3,exam-lists,Billie Eilish & Finneas O’Connell,"No Time to Die, arr. Önaç",,"1 pitched part(s), staves 2",True,70,70,280.0,none,4/4,simple,0,1,0,0,metronome,72,3.83,7.82,4.8,1.0,52|95,21|81,5|7,3|6,2.21|2.12,16th|16th,1|0,4|0,0|0,0|0,7|7,24|12,134|63,21|66,8|12,65|124,0|0,0.466,1,0.134,4.894,0,"{'sustain': 0.0, 'sostenuto': 0.0}",0.0|0.0,0,0,3.25|4.0
./mxl/7/55/QmPYz499tmENyjq6sXyZx7PU85D1xYW13RrNkLLKY2YMpC.mxl,False,,PSyllabus:AGME=9(ps9); PSyllabus:Piano St=9(ps9),exam-lists,Chopin F.,Tarantella In Ab major Op 43,,"1 pitched part(s), staves 2",True,271,271,811.5,confirmed,6/8,compound,0,-4,0,24,sound tempo,190,6.07,12.95,6.83,1.0,47|99,27|85,4|3,3|4,22.44|23.39,eighth|eighth,0|0,0|0,0|0,8|0,5|4,15|13,20|44,27|132,16|6,69|288,174|16,0.704,0,0.56,5.336,2,"{'sustain': 0.0517, 'sostenuto': 0.0}",0.4467|0.2318,0,0,2.0|2.0
./mxl/7/56/QmPz8ot3H9kHbT1STkre6DWsejxc1tmnCqPYFSrq8Z68a7.mxl,False,,Intermediate,8notes,Bach,Menuet - BWV Ahn. 113,,"1 pitched part(s), staves 2",True,24,24,72.0,none,3/4,simple,0,1,0,0,none,UNKNOWN,,,,,59|79,43|64,0|2,1|0,0.0|0.0,eighth|eighth,0|0,0|0,0|0,0|0,3|3,8|7,0|0,0|1,2|2,6|9,1|4,0.456,0,0.078,3.896,0,"{'sustain': 0.0, 'sostenuto': 0.0}",0.0|0.0,0,0,1.5|0.834
./mxl/7/57/QmPZATLgDs91oVs35pA5e2py7g9An1rrwJzUYKqvdmu8gH.mxl,False,,ANZCA Modern=6,exam-lists,,My Way,,"1 pitched part(s), staves 2",True,60,60,240.0,none,4/4,simple,0,0,0,0,none,UNKNOWN,,,,,67|86,40|62,2|1,0|1,3.97|8.22,eighth|quarter,0|0,0|0,0|0,0|0,1|3,0|7,0|0,0|3,4|2,4|216,0|0,0.47,0,0.071,4.474,0,"{'sustain': 0.0, 'sostenuto': 0.0}",0.0|0.0,0,2,0.25|1.0
./mxl/7/6/QmP72hCMtEN3AhRVvLodL3zak9gsktuiLJptYcwuv8p88p.mxl,False,,Intermediate,8notes,Brahms,Waltzes Op. 39,,"1 pitched part(s), staves 4",False,31,31,87.0,candidate,3/4,simple,0,-1,0,4,metronome,136,2.24,6.41,2.27,1.0,69|98,57|82,3|1,0|2,22.08|22.58,quarter|quarter,0|0,0|0,0|0,0|0,2|2,12|9,9|0,0|0,2|1,10|8,2|1,,,0.285,5.511,1,"{'sustain': 0.0, 'sostenuto': 0.0}",0.0|0.0,0,2,1.0|1.0
./mxl/7/7/QmP8mqJ2dS2cgD38fZNKJkjXY2gfPonVyYzMwbWv344Ekp.mxl,False,,Advanced,8notes,Czerny,"The School of Legato and Staccato, Op.335",,"1 pitched part(s), staves 2",True,24,24,96.0,none,4/4,simple,0,0,0,4,metronome,184,8.98,20.7,9.2,1.0,59|96,31|78,3|3,1|3,23.32|20.98,eighth|eighth,0|0,0|0,93|92,0|0,4|3,12|12,0|2,3|42,1|1,186|186,0|0,0.993,0,0.213,5.447,3,"{'sustain': 0.0, 'sostenuto': 0.0}",0.0|0.0,0,2,4.0|3.0
./mxl/7/8/QmP9F78FRSdcpxrBdUuGazFJhpmWV1dtPstLZMnhpAgTYK.mxl,False,,PSyllabus:AGME=9(ps9); PSyllabus:ANZCA=8(ps9); PSyllabus:GCSE=9(ps9); PSyllabus:LCM=9(ps9); PSyllabus:NZMEB=8(ps9); PSyllabus:Piano St=7(ps9); PSyllabus:RCM=12(ps9); PSyllabus:SCSM=8(ps9); RCM=10,exam-lists,W.A. Mozart,"Fantasia in C Minor, K 475",,"1 pitched part(s), staves 2",True,21,21,84.0,none,4/4,simple,0,0,0,4,metronome,40,1.65,3.69,2.67,1.0,56|79,30|70,0|1,2|3,16.34|40.88,64th|16th,7|9,1|1,0|0,0|0,3|3,8|12,0|24,6|15,17|2,112|64,1|1,0.438,0,0.512,4.742,0,"{'sustain': 0.0, 'sostenuto': 0.0}",0.119|0.0226,0,0,1.5|1.75
./mxl/7/8/QmP9oEvzGLgupYF7PtV9QRNQ86mEsT35cBs47FcpVMJ4s2.mxl,False,,session 14,learnandmaster-songs,,Fur Elise,,"1 pitched part(s), staves 2",True,25,25,75.0,unknown,,,0,0,0,0,none,UNKNOWN,,,,,68|77,56|67,0|3,0|0,35.63|7.14,eighth|eighth,0|0,0|0,0|0,0|0,1|1,0|0,0|0,0|0,1|2,14|6,0|0,0.113,0,0.153,3.507,0,"{'sustain': 0.0, 'sostenuto': 0.0}",0.0|0.0,0,1,1.0|1.333
./mxl/7/9/QmPaDt5oro5S5MxK47tRyuppCxwhyyTfe5568yRv4494KE.mxl,False,,Intermediate,8notes,Mozart,Sonata in C K545 3rd Movement Allegretto,,"1 pitched part(s), staves 2",True,75,75,147.0,confirmed,2/4,simple,0,0,0,10,sound tempo,104,5.55,10.24,6.93,1.0,60|89,36|69,3|2,1|2,10.0|4.17,16th|16th,0|7,0|0,0|0,0|0,3|2,9|12,0|5,2|5,4|2,60|68,0|5,0.517,0,0.072,4.703,0,"{'sustain': 0.0, 'sostenuto': 0.0}",0.0|0.0,0,1,3.0|3.0
./mxl/7/9/QmPaXpgXuvTdHVJskneb3w1qh6vxLGvTpX5bAUDDyPBCWc.mxl,False,,PSyllabus:Piano St=7(ps7); PSyllabus:SCSM=7(ps7),exam-lists,Mendelssohn F.,Venetian Boat Song - op 62 no 5 A minor,,"1 pitched part(s), staves 2",True,59,59,174.5,confirmed,6/8,compound,0,0,0,8,sound tempo,92,3.87,8.28,6.13,1.0,39|100,33|69,4|2,7|3,17.34|14.22,16th|16th,0|0,0|0,0|0,24|0,5|3,12|12,6|3,5|50,30|1,51|311,18|3,0.455,0,0.214,4.85,1,"{'sustain': 0.7119, 'sostenuto': 0.0}",0.0|0.0,0,0,3.333|2.667
./mxl/8/0/QmQ1oAyujgC9hJiDj1w3zmLDoXW3x7WqxuSjDW5amuYLv3.mxl,False,,PSyllabus:AGME=9(ps9); PSyllabus:AMEB=10(ps9); PSyllabus:GCSE=8(ps9); PSyllabus:NZMEB=9(ps9); PSyllabus:Piano St=9(ps9),exam-lists,Scriabin A.,Etude in C minor Op 2 No 1,,"1 pitched part(s), staves 2",True,45,45,135.0,none,3/4,simple,0,4,3,0,sound tempo,92,3.49,12.63,5.24,1.0,52|87,34|71,3|4,3|3,4.37|7.21,16th|16th,0|1,22|3,2|0,12|0,4|4,15|16,2|24,0|13,6|27,54|55,39|35,0.824,0,0.66,4.841,0,"{'sustain': 0.0, 'sostenuto': 0.0}",0.0|0.0,0,0,5.333|3.0
./mxl/8/13/QmQcCDWzkkQKt4z3XtcWdRffdizj7Lzeg5GUvNn6zCdufv.mxl,False,,ANZCA Modern=3,exam-lists,,Dancing Queen,,"1 pitched part(s), staves 2",True,42,42,168.0,none,4/4,simple,0,3,0,0,metronome,90,2.28,2.86,2.72,1.0,64|85,40|54,2|0,0|1,0.0|0.0,16th|quarter,0|0,24|0,0|0,0|0,1|1,0|0,0|0,0|0,5|5,3|132,0|0,0.255,0,0.297,3.963,0,"{'sustain': 0.0, 'sostenuto': 0.0}",0.0|0.0,0,1,1.25|1.0
./mxl/8/13/QmQcJu4RamxNqFo6aPnvg5cjvwtb9cnpphWjqHx1moCfaC.mxl,False,,Easy,8notes,Czerny,100 Progressive Recreations,,"1 pitched part(s), staves 2",True,24,24,48.0,none,2/4,simple,0,0,0,0,none,UNKNOWN,,,,,72|79,60|67,0|0,0|1,0.0|0.0,quarter|half,0|0,0|0,0|0,0|0,1|1,0|0,0|0,0|0,2|2,6|24,0|0,0.571,0,0.0,3.145,0,"{'sustain': 0.0, 'sostenuto': 0.0}",0.6667|0.9583,0,2,1.0|0.5
./mxl/8/13/QmQcT4HGFjAVGzLUuLS3TKRcUwEdVPw1UPeh52DYtK3iK6.mxl,False,,Easy,8notes,Lemmel,Turn Your Eyes Upon Jesus (The Heavenly Vision),,"2 pitched part(s), staves 1+1",True,32,32,93.0,confirmed,3/4,simple,0,-1,0,0,metronome,140,1.88,7.2,2.33,1.0,59|74,43|62,0|1,1|0,5.48|5.37,eighth|eighth,2|2,0|0,0|0,0|0,2|2,12|14,1|10,0|0,4|4,7|10,10|4,0.96,0,0.129,4.046,0,"{'sustain': 0.0, 'sostenuto': 0.0}",0.0|0.0,0,0,2.0|2.0
./mxl/8/14/QmQCiAkXJAdetmkVPsNTgr8EdKKtJYJagMNGiYqwcUCs7E.mxl,False,,PSyllabus:PS=1(ps1),exam-lists,Mozart W.,Allegro in C major K1b,,"1 pitched part(s), staves 2",True,12,12,24.0,none,2/4,simple,0,0,0,0,metronome,117.0,3.77,5.38,5.36,1.0,59|84,36|67,3|3,0|2,0.0|0.0,16th|eighth,0|0,0|0,0|0,2|0,3|1,9|0,0|0,0|0,2|2,12|3,0|0,0.204,4,0.0,3.856,0,"{'sustain': 0.0, 'sostenuto': 0.0}",0.0|0.0,0,0,2.0|1.0
./mxl/8/15/QmQdk4xggDNEpKL3W3icspEHysThfNoKxCcjZwmsViTZ3z.mxl,False,,level Faber 2B (our Level B),faber-2b-performance,,Kum Ba Yah,,"2 pitched part(s), staves 1+1",True,9,9,24.0,confirmed,3/4,simple,0,2,0,0,none,UNKNOWN,,,,,57|71,43|62,0|1,2|0,0.0|0.0,16th|16th,1|1,3|3,0|0,0|0,2|2,5|16,0|12,0|0,3|3,2|2,0|1,1.0,0,0.202,3.353,0,"{'sustain': 0.0, 'sostenuto': 0.0}",0.0|0.0,0,0,2.667|2.333
./mxl/8/16/QmQD2gCz8DdiQi2PXv5NGqFNjXjCyTkiNYKXJwonegt3Wm.mxl,False,,section III.6,piano-aio-dummies-candidates,,Sometimes I Feel Like a Motherless Child,,"2 pitched part(s), staves 1+1",True,8,8,32.0,none,4/4,simple,0,-1,0,0,metronome,80,2.04,2.71,2.17,1.0,57|74,57|69,0|0,2|2,2.86|2.5,eighth|eighth,3|1,0|0,0|0,0|0,1|1,0|0,0|0,0|0,6|2,4|7,0|0,0.327,0,0.031,2.579,0,"{'sustain': 0.0, 'sostenuto': 0.0}",0.0|0.0,0,1,1.0|1.375
./mxl/8/18/QmQEfnVmc5Poq6YJmLzK2SUVQufQnrMB1QLw7C9VmDGo1M.mxl,False,,PSyllabus:AGME=10(ps10); PSyllabus:AMEB=11(ps10); PSyllabus:LCM=11(ps10); PSyllabus:NZMEB=10(ps10); PSyllabus:Piano St=8(ps10); PSyllabus:RCM=11(ps10),exam-lists,Chopin F.,Nocturne in Db major Op 27 No 2CT 115,,"1 pitched part(s), staves 2",True,77,77,231.004,none,6/8,compound,0,-5,0,0,metronome,48,3.9,6.14,7.0,1.0,56|101,32|68,7|3,2|3,23.39|16.13,64th|16th,0|0,0|0,65|0,20|0,3|2,12|12,18|1,9|155,3|1,48|900,0|0,0.346,0,0.632,5.314,4,"{'sustain': 0.0, 'sostenuto': 0.0}",0.0|0.0,0,0,3.333|4.0
./mxl/8/23/QmQhzUSydUnjxi2oWuPA5d6XPY4Sqpp81q8TwUt8r45ZrE.mxl,False,,Intermediate,8notes,Domenico Scarlatti,"Keyboard Sonata in E minor, K.98",,"1 pitched part(s), staves 2",True,113,113,169.5,none,3/8,simple,0,1,0,3,"sound tempo (120 only, possible exporter default)",UNKNOWN,,,,,60|84,38|73,2|3,1|2,10.49|4.76,32nd|16th,0|0,0|0,0|0,6|0,2|4,9|19,0|3,4|4,2|5,195|70,52|4,0.337,4,0.241,4.149,0,"{'sustain': 0.0, 'sostenuto': 0.0}",0.0|0.0,0,2,4.0|1.333
./mxl/8/25/QmQi66LaH3iJtjyobrqPddx37p2BoNfpP4SFjqzdwRcGCs.mxl,False,,ABRSM=7,exam-lists,Rameau,Les sauvages (from Pièces de clavecin),,"1 pitched part(s), staves 2",True,48,48,192.0,none,2/2,simple,0,-2,0,2,metronome,160,4.11,6.17,4.83,1.0,58|84,31|67,2|2,1|3,11.45|10.87,eighth|eighth,1|3,0|0,0|0,1|0,2|3,10|15,0|6,5|11,2|2,20|12,8|11,0.402,0,0.288,4.89,0,"{'sustain': 0.0, 'sostenuto': 0.0}",0.0|0.0,0,0,1.25|0.75
./mxl/8/26/QmQjjtEVQpEBdzsbFjzhXE4ayv9Xvcjcqk5CCbMRzg59W7.mxl,False,,Advanced,8notes,Beethoven,Diabelli Variations Op. 120 Variations 11-22,,"1 pitched part(s), staves 2",True,1219,1218,3748.948,confirmed,3/4 4/4 3/4 4/4 3/4 4/4 2/4 4/4 3/4 6/4 4/4 3/4 4/4 3/4 4/4 3/4 3/8 2/4 3/4 4/4 9/8 2/2 4/4 3/4,UNKNOWN compound simple,23,0,2,126,metronome,UNKNOWN,3.67,7.79,30.8,0.889,31|96,24|96,5|4,3|5,16.77|16.03,128th|64th,25|40,56|41,228|133,128|92,5|7,32|33,156|766,132|243,14|16,300|284,372|238,0.469,68,0.215,5.598,12,"{'sustain': 0.1009, 'sostenuto': 0.0}",0.0|0.0,0,56,2.333|2.0
./mxl/8/26/QmQjvgg33cR212MK8mgFpreXpQTU2UowTAip1jhDpZiDqt.mxl,False,,PSyllabus:Piano St=8(ps8),exam-lists,Bach J.S.,Concerto 9 - BWV 980 in G major (after Vivaldi),,"2 pitched part(s), staves 2+1",False,220,220,972.5,candidate,2/2 3/4 12/8,compound simple,2,1,2,2,metronome,100,5.33,9.57,9.38,1.0,52|84,36|67,2|3,3|2,6.07|4.9,32nd|32nd,0|0,12|0,0|0,0|0,4|5,12|12,0|49,1|1,8|24,186|102,60|76,,,0.263,4.755,0,"{'sustain': 0.0, 'sostenuto': 0.0}",0.0|0.0,0,1,2.0|2.0
./mxl/8/27/QmQJ5MnvjcXiscqsGrnPxiqKPSuyd5hQFc35jzWgJkDqN6.mxl,False,,Beginner,8notes,,The Star Spangled Banner,,"1 pitched part(s), staves 2",True,33,33,97.0,candidate,3/4,simple,0,-2,0,0,metronome,85,1.83,8.27,2.72,1.0,53|77,29|65,0|2,3|4,2.59|1.99,32nd|32nd,2|1,7|8,0|0,0|5,5|4,12|24,4|81,1|5,3|3,20|20,10|3,0.746,0,0.294,4.645,0,"{'sustain': 0.0, 'sostenuto': 0.0}",0.0|0.0,0,0,3.0|3.0
./mxl/8/27/QmQJy266yVm7QfRbSrhMCVdr2WjeE2cUjN2aSqs5o1V8ik.mxl,False,,Intermediate,8notes,Tourjee,There's a Wideness in God's Mercy,,"1 pitched part(s), staves 2",True,8,8,32.0,none,4/4,simple,0,-2,0,0,none,UNKNOWN,,,,,57|74,41|58,0|0,2|0,2.86|6.06,eighth|eighth,0|0,0|0,0|0,0|0,2|2,12|16,1|4,0|2,2|3,8|10,7|2,0.829,0,0.353,4.077,0,"{'sustain': 0.0, 'sostenuto': 0.0}",0.0|0.0,0,0,2.25|2.0
./mxl/8/29/QmQKqmdrEgXeTGmhyGXkAWJU85TcXwpLjG3GuUBn77D1GN.mxl,False,,Trinity Rock & Pop=5,exam-lists,ALICIA KEYS,If I Ain’t Got You,,"1 pitched part(s), staves 2",True,15,15,45.0,none,3/4,simple,0,1,0,0,none,UNKNOWN,,,,,62|76,43|60,0|1,0|0,2.36|0.0,eighth|quarter,0|0,0|0,42|0,0|0,1|2,0|12,0|10,0|0,1|2,126|7,0|0,0.134,0,0.117,3.81,0,"{'sustain': 0.0, 'sostenuto': 0.0}",0.0|0.0,0,0,3.0|0.667
./mxl/8/30/QmQLPGiBzr6iXUGfZe7codZt1aX4tE6yxSNbx21nRQF26V.mxl,False,,PSyllabus:RCM=11(ps10),exam-lists,Weber C.,Sonata No 1 in C major Op 24 - mvt 4 Rondo,,"1 pitched part(s), staves 2",True,332,332,662.5,candidate,2/4,simple,0,0,0,36,sound tempo,176,11.67,20.19,11.73,1.0,51|101,27|79,4|3,2|5,21.21|16.51,16th|16th,0|0,0|2,0|0,2|0,4|5,12|24,10|192,49|59,2|15,1260|52,10|31,0.3,1,0.239,5.497,6,"{'sustain': 0.0301, 'sostenuto': 0.0}",0.0|0.0,0,0,4.0|3.0
./mxl/8/30/QmQLncrAJVJX6LApiiGCdBbfVkFBH4CmsL6s6xdAW6sN8g.mxl,False,,RSL Keys=4,exam-lists,John Legend,All Of Me,,"2 pitched part(s), staves 1+2",False,152,152,608.0,none,2/2,simple,0,-4,0,8,none,UNKNOWN,,,,,63|80,58|80,1|4,0|0,0.0|0.0,eighth|eighth,55|58,0|0,0|0,0|3,1|4,0|12,0|1,0|0,6|6,8|17,0|13,,,0.623,3.957,0,"{'sustain': 0.0, 'sostenuto': 0.0}",0.0|0.0,134,1,1.0|2.0
./mxl/8/31/QmQmxCfft8FrQC5YyRdnucv3SypmxbVBrGDm1WwGwAZeoq.mxl,False,,Advanced,8notes,Bach,Prelude and Fugue no.2 in C minor BWV847 from 48 Preludes and Fugues Book 1,,"1 pitched part(s), staves 2",True,38,38,152.0,none,4/4,simple,0,-3,0,0,metronome,UNKNOWN,1.55,1.55,,0.013,53|80,36|63,1|2,3|2,7.36|7.74,64th|16th,0|0,0|1,0|0,0|0,2|3,15|8,0|0,2|3,2|2,397|409,3|6,0.705,2,0.286,4.502,0,"{'sustain': 0.0263, 'sostenuto': 0.0}",0.0|0.0,0,0,4.0|4.0
./mxl/8/33/QmQn2sjU689p3jyCGDNwWuvq6TrKn2rGjqfRGFu1U72m8m.mxl,False,,PSyllabus:ABRSM=11(ps10); PSyllabus:AGME=10(ps10); PSyllabus:LCM=12(ps10); PSyllabus:Piano St=9(ps10); PSyllabus:RCM=12(ps10),exam-lists,Schumann R.,Toccata in C major Op 7,,"1 pitched part(s), staves 2",True,287,287,574.0,none,2/4,simple,0,0,0,42,metronome,UNKNOWN,7.74,22.78,8.39,0.994,45|101,24|81,4|4,3|5,17.2|17.43,32nd|16th,0|0,38|46,0|0,0|5,5|4,15|24,285|163,61|164,7|14,193|174,220|203,0.791,0,0.191,5.435,4,"{'sustain': 0.3136, 'sostenuto': 0.0}",0.0|0.0,0,1,7.5|5.5
./mxl/8/35/QmQohTi3FT5uE9yZf1A2X9Y6Ki9PVR8oujTJFjGipF6Qt3.mxl,False,,ANZCA Modern=3,exam-lists,,Moon River,,"1 pitched part(s), staves 2",True,39,39,117.0,none,3/4,simple,0,0,0,0,metronome,100,1.88,2.86,2.5,1.0,60|74,36|59,0|0,1|2,0.0|5.6,eighth|quarter,8|0,0|0,0|0,0|0,1|2,0|12,0|9,0|20,1|3,5|20,0|35,0.439,0,0.04,4.314,0,"{'sustain': 0.0, 'sostenuto': 0.0}",0.0|0.0,44,0,0.667|1.0
./mxl/8/38/QmQq4J8K85BY367fGpiGsEaiBwGnJZbfF3hBgvcVD5GMHv.mxl,False,,ANZCA Modern=7,exam-lists,,Memories of You,,"1 pitched part(s), staves 2",True,32,32,128.0,none,4/4,simple,0,-3,0,0,metronome,100,1.03,3.67,1.56,1.0,58|78,43|62,0|1,1|0,9.43|15.45,quarter|quarter,0|0,0|0,0|0,0|0,4|3,17|16,0|2,4|0,3|2,15|32,23|25,0.671,0,0.404,4.561,0,"{'sustain': 0.0, 'sostenuto': 0.0}",0.0|0.0,0,1,1.5|1.0
./mxl/8/39/QmQQEL7FLJcmMKFc8YwXi7VYTcP79eZ5dG2t9DqM2mWDhZ.mxl,False,,PSyllabus:NZMEB=5(ps5); PSyllabus:RCM=6(ps5); PSyllabus:Trinity=5(ps5),exam-lists,Schubert F.,Waltz Sentimental Op 50 No 13 D779 A major,,"1 pitched part(s), staves 2",True,40,40,119.0,none,3/4 2/4,simple,1,3,0,0,metronome,100,2.04,5.87,2.22,1.0,66|93,44|66,3|2,0|0,8.3|4.66,eighth|quarter,0|0,0|0,0|0,0|0,3|3,12|10,1|0,0|3,4|3,8|118,33|0,0.514,0,0.453,4.581,1,"{'sustain': 1.0, 'sostenuto': 0.0}",0.0|0.0,0,1,2.0|2.0
./mxl/8/40/QmQr1v9qT6Ya277DbRxkLrU8TBkX8E2BMNSyTrsZ1238MH.mxl,False,,ANZCA Modern=3; ANZCA Modern=7; ANZCA Modern=8,exam-lists,,Over the Rainbow,,"1 pitched part(s), staves 2",True,38,38,150.0,none,4/4 2/4 4/4,simple,2,0,0,0,metronome,75,1.84,3.47,2.5,1.0,55|74,36|63,0|2,2|2,9.48|10.73,eighth|eighth,0|0,0|0,0|0,0|0,4|2,10|10,0|0,0|3,3|2,17|16,3|4,0.371,0,0.084,4.269,0,"{'sustain': 0.0, 'sostenuto': 0.0}",0.0|0.0,0,0,1.25|1.5
./mxl/8/41/QmQR6PUBEzWWcB7AYyPja37sh6Djg9RPgiPhFHr7jBQrrL.mxl,False,,PSyllabus:NZMEB=5(ps5),exam-lists,Kuhlau F.,Sonatina in C major Op 20 No 1 - mvt 2 and 3,,"1 pitched part(s), staves 2",True,80,80,320.0,none,4/4,simple,0,0,0,1,metronome,144,5.75,8.02,8.7,1.0,52|96,35|69,4|3,3|2,8.57|4.68,16th|16th,5|0,0|0,32|0,0|0,3|3,8|12,0|17,0|0,15|3,36|56,0|0,0.223,0,0.089,4.702,1,"{'sustain': 0.0, 'sostenuto': 0.0}",0.0|0.0,0,1,2.0|1.125
./mxl/8/46/QmQubL18zzrgXGGsMH2uUYisijegkzjdYB6N41A28Bs5LE.mxl,False,,PSyllabus:AMEB=5(ps6); PSyllabus:ANZCA=5(ps6); PSyllabus:GCSE=6(ps6); PSyllabus:LCM=6(ps6); PSyllabus:NZMEB=5(ps6); PSyllabus:Piano St=6(ps6); PSyllabus:RCM=8(ps6); PSyllabus:SCSM=6(ps6); RCM=8,exam-lists,"Bach, Johann Sebastian","Invention No. 15 in B Minor, BWV 786",,"2 pitched part(s), staves 1+1",True,22,22,88.0,none,4/4,simple,0,2,0,0,metronome,70,4.15,6.36,4.67,1.0,71|96,61|88,4|3,0|1,10.27|8.76,16th|16th,0|0,3|1,0|0,0|0,2|2,12|12,1|1,0|0,2|2,62|24,0|0,0.527,0,0.369,4.409,8,"{'sustain': 0.0, 'sostenuto': 0.0}",0.0|0.0,0,0,3.0|2.375
./mxl/8/47/QmQUUswQs2fm1evi92dGMSg9gZ89UnktQDQVwmUn9pXDcL.mxl,False,,Easy,8notes,Conkey,In the Cross of Christ I Glory,,"2 pitched part(s), staves 1+1",True,16,16,48.0,none,3/4,simple,0,-2,0,0,metronome,140,1.8,6.27,2.33,1.0,57|74,41|60,0|1,2|0,1.56|0.0,eighth|eighth,0|0,0|0,0|0,0|0,2|2,9|16,0|8,0|0,2|4,5|8,4|5,0.892,0,0.395,3.713,0,"{'sustain': 0.0, 'sostenuto': 0.0}",0.0|0.0,0,0,1.333|1.333
./mxl/8/49/QmQVVuwYafbqSxBTZKXUBtKmuRDtZAGRwRtBrGvYpj7vVf.mxl,False,,Easy,8notes,Showalter,Leaning on the Everlasting Arms,,"2 pitched part(s), staves 1+1",True,16,16,64.0,none,4/4,simple,0,-4,0,0,metronome,110.0,2.15,7.56,2.18,1.0,58|72,44|56,0|0,1|0,0.0|0.0,16th|16th,0|0,11|15,0|0,0|0,2|2,9|12,0|15,0|0,3|14,5|5,0|4,0.84,0,0.78,3.598,0,"{'sustain': 0.0, 'sostenuto': 0.0}",0.0|0.0,0,0,2.0|2.25
./mxl/8/5/QmQ69pQ8vazfN2JxhjU93N7PhHGGJnG6FYQfCJ1A8462nQ.mxl,False,,PSyllabus:AGME=6(ps6); PSyllabus:AMEB=5(ps6); PSyllabus:ANZCA=5(ps6); PSyllabus:GCSE=6(ps6); PSyllabus:NZMEB=5(ps6); PSyllabus:RIAM=6(ps6); PSyllabus:SCSM=5(ps6),exam-lists,Debussy C.,Le Petit Negre L114 C major,,"1 pitched part(s), staves 2",True,92,92,188.0,none,2/4,simple,0,0,0,16,none,UNKNOWN,,,,,45|84,38|77,2|2,2|2,12.12|23.82,16th|16th,0|14,0|0,0|0,4|0,3|2,9|4,0|0,0|18,3|1,19|40,22|12,0.404,7,0.19,4.942,0,"{'sustain': 0.0, 'sostenuto': 0.0}",0.0|0.0,0,0,1.5|2.0
./mxl/8/50/QmQwbzJxX8Qsr5FKKmvGVQm3MteDfUQZKQojt4BpTuBDkB.mxl,False,,PSyllabus:AGME=6(ps7); PSyllabus:ANZCA=6(ps7); PSyllabus:GCSE=7(ps7); PSyllabus:NZMEB=7(ps7); PSyllabus:Piano St=6(ps7); PSyllabus:RCM=9(ps7); PSyllabus:RIAM=8(ps7); PSyllabus:SCSM=7(ps7),exam-lists,Mozart W.,Fantasie in D minor K 397,,"1 pitched part(s), staves 2",True,124,124,372.0,none,4/4 2/4,simple,1,-1,1,2,sound tempo,92,4.15,6.52,13.44,1.0,53|89,33|74,3|5,3|3,18.04|12.94,64th|32nd,0|0,8|0,29|11,0|1,4|4,12|19,4|32,1|1,6|8,37|48,14|31,0.217,4,0.25,5.184,0,"{'sustain': 0.0, 'sostenuto': 0.0}",0.0|0.0,0,2,2.0|1.5
./mxl/8/51/QmQWJgHTagzfGjxWE4r69cKARhNZ7nqBdgACt6zoNbGfR8.mxl,False,,ANZCA Modern=0; ANZCA Modern=7,exam-lists,,My Heart Will Go On,,"1 pitched part(s), staves 2",True,111,111,441.0,confirmed,2/2,simple,0,4,1,6,metronome,96,2.54,3.85,3.5,1.0,51|99,24|75,3|3,2|5,0.0|0.29,16th|eighth,16|0,0|0,0|0,17|0,4|4,12|12,43|18,0|58,4|1,10|200,6|1,0.323,0,0.508,4.998,1,"{'sustain': 0.0, 'sostenuto': 0.0}",0.0|0.0,0,0,0.75|2.0
./mxl/8/51/QmQWr1UengcgoHx2v2AWwUytQY3KhwxvBRp3TZtvYNhqfy.mxl,False,,Intermediate,8notes,Czerny,"160 kurze Ubungen, Op.821",,"1 pitched part(s), staves 2",True,8,8,32.0,none,4/4,simple,0,0,0,1,metronome,150,9.45,11.88,10.0,1.0,57|93,41|69,2|2,2|3,4.96|0.0,16th|quarter,0|0,0|0,0|0,0|0,1|3,0|10,0|0,0|0,1|1,120|1,0|0,0.107,0,0.033,4.67,1,"{'sustain': 0.0, 'sostenuto': 0.0}",0.5124|0.0,0,0,4.0|1.0
./mxl/8/52/QmQxbdo9nTLg8AKb9jDcbEoGceZxAEsvjZxZ3wcuY3g9LR.mxl,False,,ANZCA Modern=0; ANZCA Modern=5,exam-lists,,Autumn Leaves,,"1 pitched part(s), staves 2",True,33,33,132.0,none,4/4,simple,0,-2,0,0,metronome,184,2.14,4.62,2.49,1.0,58|77,39|63,0|2,1|1,7.09|10.0,eighth|eighth,15|10,0|0,0|0,0|0,3|3,11|13,0|4,0|0,2|1,6|12,0|0,0.446,0,0.352,4.541,0,"{'sustain': 0.0, 'sostenuto': 0.0}",0.0|0.0,0,0,1.25|0.75
./mxl/8/53/QmQXuXEWSadbYMs4pz7cEjHqD5qPGDiuHe2JJ3Yb58rCfp.mxl,False,,PSyllabus:Piano St=9(ps10),exam-lists,Rachmaninoff S.,Moment Musical - op 16 no 2 Eb minor,,"1 pitched part(s), staves 2",True,133,133,266.0,none,2/4,simple,0,-6,0,33,metronome,92,8.82,19.57,9.2,1.0,52|103,27|80,4|3,3|4,30.38|39.26,16th|16th,0|0,0|0,248|220,0|0,5|4,12|15,257|23,20|93,3|3,48|414,114|21,0.844,0,0.524,5.371,4,"{'sustain': 0.0, 'sostenuto': 0.0}",0.0|0.0,0,0,7.5|6.0
./mxl/8/55/QmQYwvSgox8YATYtWQ8w6iwnGrR5jY3dLmm2Jxd6remcEC.mxl,False,,Easy,8notes,,The Coventry Carol,,"1 pitched part(s), staves 2",True,32,32,96.0,none,3/4,simple,0,0,0,0,none,UNKNOWN,,,,,64|76,45|64,0|2,0|0,11.49|4.65,eighth|quarter,0|0,0|0,0|0,0|0,2|2,9|7,0|0,0|0,2|3,4|3,0|0,0.743,0,0.085,3.881,0,"{'sustain': 1.0, 'sostenuto': 0.0}",0.0|0.0,0,0,0.834|0.667
./mxl/8/56/QmQzDPdAkQ9Vhy4VwS2eXdYu6zpPGY9ebbdaEyjinMcFa5.mxl,False,,Beginner,8notes,,The Star Spangled Banner,,"1 pitched part(s), staves 2",True,36,36,106.0,confirmed,3/4,simple,0,0,0,1,metronome,UNKNOWN,5.01,16.08,6.0,0.321,48|91,24|72,4|4,3|5,4.19|8.25,64th|64th,6|1,6|3,13|15,2|2,6|5,14|15,1|105,36|103,3|3,108|26,29|23,0.53,0,0.053,5.31,0,"{'sustain': 1.0, 'sostenuto': 0.0}",0.0|0.0,0,0,6.667|6.5
./mxl/8/9/QmQagsBqLF4aH3h6PqPQyphvusDzyvv6WUffymN5mx8MUE.mxl,False,,PSyllabus:AGME=8(ps10); PSyllabus:AMEB=10(ps10); PSyllabus:ANZCA=8(ps10); PSyllabus:NZMEB=9(ps10); PSyllabus:Piano St=8(ps10),exam-lists,Chopin F.,Etude in F minor No 2 from Etudes Op 25CT 27,,"1 pitched part(s), staves 2",True,70,70,277.0,candidate,4/4,simple,0,-4,0,12,metronome,UNKNOWN,9.2,13.66,11.2,0.996,64|92,42|70,3|3,0|2,16.11|16.07,eighth|quarter,0|0,0|0,268|129,2|0,3|2,0|0,0|0,1|59,3|1,804|177,1|0,0.481,0,0.448,4.771,1,"{'sustain': 0.5429, 'sostenuto': 0.0}",0.0|0.0,0,0,3.0|1.5
./mxl/9/1/QmR2S4ewuJMo2RXj7w6jVetMtCvDGskxJKmjSYRNZ1882a.mxl,False,,ANZCA Modern=1; ANZCA Modern=4; ANZCA Modern=8,exam-lists,,When the Saints Go Marching In,,"1 pitched part(s), staves 2",True,57,57,228.0,unknown,,,0,0,0,0,metronome,110.0,2.87,7.87,6.24,1.0,52|96,24|60,5|1,3|5,7.83|11.11,16th|eighth,0|0,0|0,3|0,13|0,5|3,12|24,27|46,10|59,2|2,18|24,0|1,0.496,1,0.101,5.218,0,"{'sustain': 0.0175, 'sostenuto': 0.0}",0.0226|0.0178,0,0,2.0|1.5
./mxl/9/1/QmR2v9dPbzTZ2KVByFCbt1E6zqvNJwce9pyXqnusk2q5R2.mxl,False,,Intermediate,8notes,Mozart,Rondo Alla Turca (Sonata Opus KV 331),,"2 pitched part(s), staves 1+1",True,35,35,64.0,confirmed,2/4,simple,0,0,1,0,none,UNKNOWN,,,,,68|85,52|77,2|0,0|3,5.76|2.4,16th|eighth,0|0,0|0,0|0,0|0,1|4,0|19,0|1,0|13,2|3,14|28,0|0,0.632,0,0.108,4.092,0,"{'sustain': 0.0, 'sostenuto': 0.0}",0.964|0.0,0,3,2.0|3.0
./mxl/9/11/QmRbY9fx5Ak6XsbqYpjFQzDuTTNC2WXA53LruQesyUxuZW.mxl,False,,Intermediate,8notes,,Away in a Manger,,"1 pitched part(s), staves 2",True,17,17,49.0,confirmed,3/4,simple,0,-1,0,0,metronome,60,1.84,4.96,2.0,1.0,52|82,36|60,1|1,3|2,7.19|11.11,eighth|eighth,0|0,0|0,0|0,0|0,4|2,12|10,0|0,1|4,1|4,20|30,4|4,0.767,0,0.16,4.492,0,"{'sustain': 0.0, 'sostenuto': 0.0}",0.0|0.0,0,0,3.333|2.0
./mxl/9/11/QmRbc1q3dqg2qVEgg9c1gJnB454c8znj1pXaWEYDXQXGE5.mxl,False,,ABRSM=5,exam-lists,Sara Bareilles,"King of Anything, arr. Baker",,"1 pitched part(s), staves 2",True,100,100,400.0,none,4/4,simple,0,-5,0,0,metronome,120,3.09,5.0,4.0,1.0,53|73,27|56,0|0,3|4,0.0|0.0,eighth|eighth,0|0,0|0,0|0,0|0,3|2,8|12,0|196,0|1,4|2,64|6,0|0,0.202,0,0.849,4.292,0,"{'sustain': 0.11, 'sostenuto': 0.0}",0.0|0.0,0,0,1.5|1.5
./mxl/9/11/QmRbzKhmjYeoxdEVnMKNZhWUYntbdvKNR1jnx8ctmTUtj8.mxl,False,,PSyllabus:ABRSM=3(ps3),exam-lists,Joplin S.,The Entertainer arr. Onac,,"1 pitched part(s), staves 2",True,78,78,312.0,none,4/4,simple,0,0,2,0,metronome,120,3.0,5.41,3.75,1.0,55|88,31|76,3|5,2|3,7.38|5.2,eighth|eighth,1|0,0|0,0|0,0|0,3|4,8|12,0|1,1|2,4|4,21|67,0|0,0.427,0,0.092,4.664,0,"{'sustain': 0.0, 'sostenuto': 0.0}",0.0|0.0,0,4,1.5|1.5
./mxl/9/13/QmRc72qvsdoJZcp9zVjKXy7qskvXtMCpxjhp59DreLwzv4.mxl,False,,level Level 2B,beginner-methods,,TURKISH MARCH,,"1 pitched part(s), staves 2",True,26,26,49.0,candidate,2/4,simple,0,0,0,0,"sound tempo (120 only, possible exporter default)",UNKNOWN,,,,,68|84,45|64,2|2,0|0,8.63|1.72,32nd|eighth,0|0,0|0,0|0,6|0,2|2,4|12,0|1,0|0,2|3,14|28,0|0,0.583,0,0.09,4.312,0,"{'sustain': 0.0, 'sostenuto': 0.0}",0.0|0.0,0,2,2.75|2.75
./mxl/9/14/QmRChN12tY2yeGtMsns9hCLa8tLVufrP2XkHUGryLe9R4Z.mxl,False,,session 14,learnandmaster-songs,,Fur Elise,,"1 pitched part(s), staves 2",True,106,106,158.0,confirmed,3/8,simple,0,0,0,14,metronome,100,6.59,9.0,11.33,1.0,57|100,33|76,5|2,2|3,15.46|7.44,32nd|16th,0|0,15|0,15|0,3|0,4|3,9|12,0|3,4|24,4|30,61|96,0|0,0.198,7,0.133,4.703,2,"{'sustain': 0.4906, 'sostenuto': 0.0}",0.0|0.0,0,2,2.667|2.0
./mxl/9/2/QmR3L6f6kNr97MjvbaxJ4WaJkZG1vhFwndaqRRYcyXn3AD.mxl,False,,Easy,8notes,Nichol,We've a Story to Tell to the Nations,,"2 pitched part(s), staves 1+1",True,19,19,72.125,confirmed,4/4,simple,0,-1,0,0,metronome,105,2.04,7.55,2.42,1.0,59|77,43|65,0|2,1|0,5.84|5.73,16th|16th,1|0,11|11,0|0,0|0,3|2,10|12,0|11,0|0,3|3,7|10,7|7,0.917,0,0.116,4.007,0,"{'sustain': 0.0, 'sostenuto': 0.0}",0.0|0.0,0,0,2.5|2.5
./mxl/9/20/QmRF7ckbdQocrFDobpTZmbR9uoTS3TGfApKtREwoEmXTj3.mxl,False,,Advanced,8notes,Beethoven,"Piano Sonata No.14 in C# minor, Op.27/2 (Moonlight)",,"1 pitched part(s), staves 2",True,335,332,1268.0,none,2/2 3/4 4/4,simple,2,4,2,76,sound tempo,60,5.61,9.53,10.85,1.0,44|88,29|76,3|3,3|4,9.08|6.84,32nd|32nd,0|0,32|19,250|41,57|2,4|4,14|29,221|128,29|150,6|19,244|192,57|64,0.329,0,0.643,5.268,0,"{'sustain': 0.0657, 'sostenuto': 0.0}",0.0|0.0,0,4,3.0|2.0
./mxl/9/21/QmRgmsaAdyW7SYQvF9jiZc2HNznZTr6g4Ac6JhmUz58oBF.mxl,False,,unit 10,faber-adult-allinone-pieces,Peter Ilyich Tchaikovsky,Sleeping Beauty Waltz,,"1 pitched part(s), staves 2",True,298,298,897.0,none,3/4 6/4,UNKNOWN simple,1,-2,0,0,metronome,235.0,3.64,8.18,6.85,1.0,45|72,27|62,4|1,0|4,11.17|9.02,16th|eighth,0|0,0|0,0|0,0|0,4|4,12|15,8|309,0|12,6|9,15|15,0|0,0.451,25,0.332,4.678,0,"{'sustain': 0.0, 'sostenuto': 0.0}",0.0|0.0,0,0,1.0|0.667
./mxl/9/22/QmRGA2Zf9fYKQ1fUVXT569xs5cyv2332BLzXNzv3TcaZYU.mxl,False,,PSyllabus:AGME=5(ps6); PSyllabus:ANZCA=5(ps6); PSyllabus:Piano St=6(ps6),exam-lists,Czerny C.,School of Velocity Op 299 No 7,,"1 pitched part(s), staves 2",True,45,45,180.0,none,4/4,simple,0,0,0,5,metronome,80,5.12,7.18,5.33,1.0,55|94,36|79,4|3,2|2,2.21|3.58,16th|16th,10|0,0|0,0|0,0|0,4|5,15|28,38|0,2|2,3|2,23|368,20|11,0.19,0,0.086,5.014,2,"{'sustain': 0.0, 'sostenuto': 0.0}",0.385|0.7323,53,0,1.5|4.0
./mxl/9/23/QmRhanmxw74v1rhQsaPV9WJ9CDqPggxuMWDpvYas6psP9R.mxl,False,,Intermediate,8notes,George C. Stebbins,There Is Never a Day so Dreary,,"2 pitched part(s), staves 1+1",True,21,21,60.0,confirmed,6/8,compound,0,-5,0,0,metronome,90,2.17,8.57,2.38,1.0,58|77,42|61,0|1,1|0,0.55|1.67,16th|16th,0|0,0|0,0|0,0|0,2|2,10|19,0|19,0|0,6|7,7|7,3|0,0.977,0,0.781,3.882,0,"{'sustain': 0.0, 'sostenuto': 0.0}",0.0|0.0,0,0,2.667|2.667
./mxl/9/24/QmRHPU2WEXSMJ9UBetGB7kGrsLE8wVLHCEt2FcU4kQdHzD.mxl,False,,B.7,rung-suggestions,,Alphabet Song,,"1 pitched part(s), staves 2",True,12,12,48.0,none,4/4,simple,0,0,0,0,none,UNKNOWN,,,,,60|69,43|57,0|0,1|0,0.0|0.0,eighth|quarter,0|0,0|0,0|0,0|0,1|2,0|4,0|0,0|0,4|1,6|30,0|0,0.816,0,0.0,3.612,0,"{'sustain': 0.0, 'sostenuto': 0.0}",0.0|0.0,0,0,0.875|1.0
./mxl/9/29/QmRKkXZqwhxdV1RnYJESXTrXear6mogB8KUjbqYsHXUGRk.mxl,False,,Intermediate,8notes,,Let Sighing Cease and Woe,,"2 pitched part(s), staves 1+1",True,9,9,32.5,confirmed,4/4,simple,0,1,0,0,none,UNKNOWN,,,,,59|74,43|64,0|2,1|0,3.85|0.0,quarter|eighth,0|0,0|0,0|0,0|0,2|2,9|16,0|6,0|0,1|1,13|9,1|3,0.893,0,0.076,3.949,0,"{'sustain': 0.0, 'sostenuto': 0.0}",0.0|0.0,0,0,2.0|2.0
./mxl/9/3/QmR4DGgX4TFNz1nvCrV64jNBkx4KsGsQdERsCmBvyS1sdU.mxl,False,,Intermediate,8notes,Bach,Praeludium II- BWV 871,,"1 pitched part(s), staves 2",True,28,28,112.0,none,4/4,simple,0,-3,0,0,metronome,84,4.68,8.14,5.6,1.0,55|84,36|67,2|3,2|2,13.94|17.67,32nd|32nd,0|0,10|6,0|0,0|0,4|2,16|15,8|5,2|3,2|2,22|18,27|8,0.439,0,0.297,4.839,0,"{'sustain': 0.0, 'sostenuto': 0.0}",0.0|0.0,0,0,4.375|2.0
./mxl/9/3/QmR4GexyLphNY9napeGF6Zdt8h28TidQpaR5Snk9aGKzLQ.mxl,False,,Intermediate,8notes,Bach,"Partita No.3 in A minor, BWV 827",,"1 pitched part(s), staves 2",True,353,348,985.0,none,3/8 4/4 3/4 2/4 12/8,compound simple,4,0,0,4,metronome,66,5.77,8.86,8.4,1.0,55|86,33|74,2|3,2|3,13.29|13.45,32nd|32nd,5|2,40|73,64|22,0|0,3|4,21|22,2|6,7|30,5|4,83|92,90|71,0.443,0,0.149,5.031,0,"{'sustain': 0.0, 'sostenuto': 0.0}",0.0|0.0,0,11,3.667|2.0
./mxl/9/3/QmR4UtTxvC5roBwJ71MDEwJNpGKeKJSwfEEixvoimYXrrb.mxl,False,,Easy,8notes,,Twinkle Twinkle Little Star,,"1 pitched part(s), staves 2",True,12,12,48.0,none,4/4,simple,0,0,0,0,metronome,72,1.1,2.15,1.2,1.0,60|69,43|60,0|1,1|0,0.0|0.0,quarter|eighth,0|0,0|0,0|0,0|0,1|1,0|0,0|0,0|0,2|4,6|6,0|0,0.955,0,0.0,3.648,0,"{'sustain': 0.0, 'sostenuto': 0.0}",1.0|1.0,0,0,0.875|1.0
./mxl/9/3/QmR4mWofkWxTzMj2TicWiiRkb5YbxFNSDKkiVum58RjRr8.mxl,False,,Easy,8notes,,O How I Love Jesus,,"2 pitched part(s), staves 1+1",True,18,18,48.0,confirmed,6/8,compound,0,1,0,0,none,UNKNOWN,,,,,59|74,43|59,0|0,1|0,0.0|0.0,eighth|eighth,0|0,0|0,0|0,0|0,2|2,10|12,0|29,0|1,3|8,4|4,5|5,0.933,0,0.04,3.55,0,"{'sustain': 0.0, 'sostenuto': 0.0}",0.0|0.0,0,0,2.667|2.667
./mxl/9/31/QmRmXQhpQ2qesBm9oFVP58yuByZcZRVfvPYAbHRAYbLvsZ.mxl,False,,ANZCA Modern=2,exam-lists,,Star Wars,,"1 pitched part(s), staves 2",True,25,25,97.0,confirmed,4/4,simple,0,1,0,0,none,UNKNOWN,,,,,62|82,43|57,1|0,0|0,4.69|9.38,16th|16th,0|0,11|4,16|2,0|0,1|1,0|0,0|0,0|0,4|4,5|5,0|0,0.252,0,0.048,3.921,0,"{'sustain': 0.0, 'sostenuto': 0.0}",0.0|0.0,0,0,1.25|0.5
./mxl/9/32/QmRM5X12AVGD38BzeaGrh5385ttBHqssiWLYbQLGYfX41w.mxl,False,,RCM=9,exam-lists,"Haydn, Franz Joseph","Sonata in E Minor, Hob. XVI:34: 3rd movement",,"1 pitched part(s), staves 2",True,127,127,381.0,none,6/8,compound,0,1,0,18,sound tempo,187,8.52,13.55,12.47,1.0,55|88,31|76,3|2,2|3,9.67|9.01,16th|16th,0|0,0|0,0|0,0|0,2|2,12|12,5|44,2|9,8|1,72|54,17|23,0.349,4,0.199,4.918,0,"{'sustain': 0.0, 'sostenuto': 0.0}",0.0|0.0,0,2,2.333|2.0
./mxl/9/37/QmRP9W9te4eDqVnrabcdgvNuQAkT1A8w2RrAdjJjGuARwd.mxl,False,,PSyllabus:AMEB=4(ps4); PSyllabus:Piano St=4(ps4),exam-lists,Chopin F.,Prelude in A major Op 28 No 7,,"1 pitched part(s), staves 2",True,17,17,49.0,confirmed,3/4,simple,0,3,0,0,metronome,UNKNOWN,0.9,3.42,,0.122,61|85,33|69,2|3,1|3,8.26|0.0,16th|quarter,0|0,8|0,0|0,1|0,5|4,15|12,3|6,0|3,3|3,2|3,5|0,0.667,0,0.343,4.23,0,"{'sustain': 0.9412, 'sostenuto': 0.0}",0.0|0.0,0,0,2.333|1.333
./mxl/9/4/QmR5yU6HTvrzYvtu4Tjh3LpgyaBUkKgMgL4AcxXnNiFwH6.mxl,False,,chapter 12,pianofordummies-candidates,,Yankee Doodle,,"2 pitched part(s), staves 1+1",True,17,17,32.0,confirmed,2/4,simple,0,3,0,0,metronome,120,3.69,14.56,4.0,1.0,57|74,69|86,0|8,2|0,0.0|0.0,16th|16th,0|0,10|8,0|0,0|0,2|2,9|12,0|21,0|0,3|10,13|13,17|17,0.983,0,0.24,3.552,0,"{'sustain': 0.0, 'sostenuto': 0.0}",0.0|0.0,0,0,4.0|4.0
./mxl/9/41/QmRRAFR5Z9UdYUVUydBLEjNJHNfVzydetDgwjjZmyPBAxU.mxl,False,,Advanced,8notes,Beethoven,Diabelli Variations Op. 120 Variations 11-22,,"1 pitched part(s), staves 2",True,1247,1243,3833.25,confirmed,3/4 4/4 3/4 4/4 3/4 4/4 2/4 4/4 3/4 6/4 4/4 3/4 4/4 3/4 4/4 3/4 3/8 2/4 3/4 4/4 9/8 2/2 4/4 3/4,UNKNOWN compound simple,23,0,4,180,metronome,UNKNOWN,5.63,12.11,35.2,0.898,31|96,24|96,5|4,3|5,16.91|16.22,128th|64th,26|39,56|41,224|125,129|93,5|5,19|33,127|802,145|257,14|16,300|284,332|233,0.492,70,0.216,5.61,9,"{'sustain': 0.0112, 'sostenuto': 0.0}",0.0|0.0,0,54,2.5|2.0
./mxl/9/43/QmRSDnogXaXcRyxCWeFDSY8UF2NvK3sGoNuZAV6PJn3bEr.mxl,False,,Easy,8notes,Handel,"Sarabande from Suite in D minor, HWV 437",,"1 pitched part(s), staves 2",True,16,16,96.0,none,3/2,UNKNOWN,0,-1,0,0,sound tempo,110,1.22,3.17,1.53,1.0,57|77,38|58,0|0,2|1,10.43|13.73,quarter|quarter,0|0,0|0,0|0,0|0,3|1,10|0,0|0,0|0,2|2,5|9,0|1,0.531,0,0.145,4.398,0,"{'sustain': 0.0, 'sostenuto': 0.0}",0.7234|0.3529,27,1,1.25|0.5
./mxl/9/47/QmRUGzJM3T5wJPnUGu9A9ALcKK2xuHGtTjyKKkPz88EULw.mxl,False,,ABRSM=5,exam-lists,"Capaldi, Kohn, Kelleher, Barnes & Roman","Someone You Loved, arr. Iles",,"1 pitched part(s), staves 2",True,52,52,208.0,none,4/4,simple,0,-5,0,2,metronome,UNKNOWN,3.47,8.41,3.67,0.981,56|82,34|68,1|3,2|2,0.0|0.0,eighth|eighth,7|0,0|0,0|0,0|0,4|3,12|12,0|4,3|1,4|2,32|208,0|0,0.609,0,0.74,4.156,0,"{'sustain': 0.0, 'sostenuto': 0.0}",0.0|0.0,0,2,2.5|2.0
./mxl/9/48/QmRvmhyPdf5899d1JUTCtiwftPg24img1qQBvZdmpznMVN.mxl,False,,Intermediate,8notes,Domenico Scarlatti,"Keyboard Sonata in D minor, K.64",,"1 pitched part(s), staves 2",True,47,47,94.0,none,2/4,simple,0,-1,0,0,metronome,108,3.83,10.01,4.95,1.0,57|82,36|62,1|1,2|2,8.91|6.07,16th|16th,0|1,0|0,0|0,0|0,4|5,12|15,6|2,4|0,3|2,30|14,12|2,0.495,0,0.124,4.672,0,"{'sustain': 0.0, 'sostenuto': 0.0}",0.0|0.0,0,2,2.5|3.0
./mxl/9/54/QmRyeq57AXDEZT1Zgvko3MK99W6BvFc5aoXRtfHad4kBQ4.mxl,False,,Easy,8notes,,The First Noel,,"2 pitched part(s), staves 1+1",True,26,26,72.0,confirmed,3/4,simple,0,2,0,0,none,UNKNOWN,,,,,57|74,45|66,0|2,2|0,0.0|0.0,eighth|eighth,3|1,0|0,0|0,0|0,2|2,9|17,0|8,0|0,2|3,9|9,14|13,0.756,0,0.235,3.897,0,"{'sustain': 0.0, 'sostenuto': 0.0}",0.0|0.0,0,0,2.0|2.0
./mxl/9/55/QmRYNgiCepwHaRb3AAeCVh5MmNJipV1CdNmc3J5p1CCXwQ.mxl,False,,ANZCA Modern=4,exam-lists,,If Only...,,"1 pitched part(s), staves 2",True,67,67,268.0,none,4/4,simple,0,3,0,0,metronome,87,1.59,2.78,2.72,1.0,57|69,45|54,0|0,2|0,0.0|0.0,16th|whole,0|0,12|0,0|0,0|0,3|3,9|9,0|0,0|0,12|1,4|65,0|0,0.197,0,0.263,3.212,0,"{'sustain': 0.0597, 'sostenuto': 0.0}",0.0|0.0,0,0,1.25|0.75
./mxl/9/55/QmRYSwe8S4a7ZXhf7evZW8z3ryN1ohiyHsZwbVuQ3khVu3.mxl,False,,PSyllabus:ABRSM=6(ps6); PSyllabus:Piano St=7(ps6); PSyllabus:RIAM=6(ps6); PSyllabus:Trinity=6(ps6),exam-lists,Schubert F.,Allegretto in C minor D915,,"1 pitched part(s), staves 2",True,130,130,384.0,confirmed,6/8,compound,0,-3,2,8,metronome,118,2.57,6.56,3.93,1.0,48|82,36|70,1|3,2|2,9.46|8.3,eighth|eighth,0|0,0|0,0|0,0|0,4|3,12|19,15|28,3|3,2|3,34|33,8|28,0.806,0,0.439,4.851,0,"{'sustain': 0.2769, 'sostenuto': 0.0}",0.0543|0.0186,0,1,2.0|2.0
./mxl/9/56/QmRzbbEvQmaHqVqzAawLUFk7tB8YRy2LNN6FQhU6kjptPy.mxl,False,,Advanced,8notes,Czerny,"The Art of Preluding, Op.300",,"1 pitched part(s), staves 2",True,12,12,48.0,none,4/4,simple,0,3,0,8,sound tempo,144,6.25,10.0,7.95,1.0,49|100,33|85,4|3,2|3,7.75|6.33,16th|16th,0|0,0|0,4|0,0|0,4|6,12|24,0|3,1|0,1|1,39|23,0|1,0.256,2,0.36,5.275,3,"{'sustain': 0.0, 'sostenuto': 0.0}",0.2773|0.0,0,0,3.25|1.5
./mxl/9/57/QmRZNLarNKuRcrDhbSAfm9jqx65jH2vucgdG4nVspJSqvF.mxl,False,,ANZCA Modern=6,exam-lists,,Don’t Cry For Me Argentina,,"1 pitched part(s), staves 2",True,27,27,106.5,candidate,4/4,simple,0,0,0,0,metronome,95,2.14,4.49,3.07,1.0,55|72,36|60,0|1,2|2,0.96|0.0,eighth|eighth,3|3,0|0,7|0,0|0,4|2,12|12,0|15,0|1,8|5,6|7,0|0,0.361,1,0.013,3.909,0,"{'sustain': 0.0, 'sostenuto': 0.0}",0.0|0.0,19,1,2.0|1.0
./mxl/9/7/QmR85jrhUo2v9QcpHMzENA6z7z3RKb2JkC3Ks2aHe1NCZt.mxl,False,,PSyllabus:AMEB=4(ps4); PSyllabus:Piano St=4(ps4),exam-lists,Chopin F.,Prelude in A major Op 28 No 7,,"1 pitched part(s), staves 2",True,17,17,49.0,confirmed,3/4,simple,0,1,0,0,none,UNKNOWN,,,,,62|83,43|62,1|1,0|0,13.43|1.64,16th|quarter,0|0,8|0,0|0,0|0,2|3,12|10,2|0,0|0,3|3,2|3,0|0,0.667,0,0.164,4.053,0,"{'sustain': 0.0, 'sostenuto': 0.0}",0.0|0.0,0,0,1.333|1.0
./mxl/9/8/QmR9hoR7UE36kRcZpm6Shzi2Qpdypk7dsHXxGcxqP9ynbZ.mxl,False,,PSyllabus:AGME=6(ps6); PSyllabus:AMEB=6(ps6); PSyllabus:ANZCA=6(ps6); PSyllabus:GCSE=7(ps6); PSyllabus:NZMEB=6(ps6); PSyllabus:Piano St=5(ps6); PSyllabus:RCM=8(ps6),exam-lists,Grieg E.,Puck No 3 from Lyric Pieces Op 71 in Eb minor,,"1 pitched part(s), staves 2",True,80,80,315.0,none,2/2,simple,0,-6,0,13,metronome,330,6.22,14.32,9.62,1.0,46|87,32|78,3|3,2|3,21.86|17.53,eighth|eighth,0|0,0|0,0|0,0|0,3|2,12|8,0|0,5|0,2|34,40|48,0|0,0.508,0,0.468,5.271,0,"{'sustain': 0.175, 'sostenuto': 0.0}",0.0|0.0,0,1,2.0|1.0
./mxl/9/8/QmR9qkc7iS6jhYcJBamXYEgeaqxPjbsdsTWm5Hh6emgBxe.mxl,False,,RCM=3,exam-lists,Petzold,"Minuet in G Minor, BWV Anh. 115",,"1 pitched part(s), staves 2",True,32,32,96.0,none,3/4,simple,0,-2,0,0,none,UNKNOWN,,,,,58|82,43|62,1|1,1|0,4.24|9.88,16th|eighth,0|0,0|0,0|0,0|0,3|2,9|4,0|0,0|1,2|1,7|12,0|0,0.425,0,0.246,4.456,0,"{'sustain': 0.0, 'sostenuto': 0.0}",0.2368|0.0,0,2,1.167|1.0
./mxl/9/8/QmR9uamCGLTop6GLTVCsVF9Cp3CNkC4G3HbTVrbWn5YB1S.mxl,False,,PSyllabus:AMEB=11(ps10); PSyllabus:NZMEB=10(ps10); PSyllabus:Piano St=8(ps10); PSyllabus:RCM=11(ps10),exam-lists,Chopin F.,Grand Valse Brillante in Eb major Op 18,,"1 pitched part(s), staves 2",True,311,311,933.0,none,3/4,simple,0,-3,2,3,metronome,220.0,5.18,13.59,7.33,1.0,50|99,27|91,4|5,4|4,10.29|4.77,16th|eighth,7|0,1|0,13|0,109|0,4|4,12|16,33|42,11|39,16|17,50|134,51|23,0.572,0,0.629,5.078,2,"{'sustain': 0.1158, 'sostenuto': 0.0}",0.0|0.0,0,4,1.667|2.333
build/pieces/shelf/aus-meines-herzens-grunde-bwv-269.musicxml,False,,Intermediate,8notes,Bach,Aus meines Herzens Grunde BWV 269,,"1 pitched part(s), staves 2",True,23,22,63.0,confirmed,3/4,simple,0,1,0,0,none,UNKNOWN,,,,,59|74,42|64,0|2,1|0,0.93|0.0,eighth|eighth,6|2,0|0,0|0,0|0,2|2,12|20,2|13,0|7,2|4,4|8,23|23,0.713,0,0.098,4.066,0,"{'sustain': 0.0, 'sostenuto': 0.0}",0.0|0.0,0,1,1.667|2.0
build/pieces/shelf/einsame-blumen-op-82-no-3.musicxml,False,,ABRSM=6,exam-lists,Schumann,"Einsame Blumen (No. 3 from Waldscenen, Op. 82)",,"1 pitched part(s), staves 2",True,76,76,152.0,none,2/4,simple,0,-2,0,2,none,UNKNOWN,,,,,58|86,34|72,2|3,1|3,9.04|11.36,eighth|eighth,5|2,0|0,0|0,0|0,4|4,12|16,4|1,3|19,3|2,24|5,35|20,0.507,0,0.336,4.669,0,"{'sustain': 0.0, 'sostenuto': 0.0}",0.0|0.0,0,0,2.0|1.5
build/pieces/shelf/first-loss-op-68-no-16.musicxml,False,,RCM=4,exam-lists,"Schumann, Robert",The First Loss (no. 16),,"1 pitched part(s), staves 2",True,34,34,64.0,confirmed,2/4,simple,0,1,0,6,metronome,88,2.86,4.56,2.93,1.0,55|79,40|69,0|2,2|2,12.39|15.31,eighth|eighth,12|1,0|0,0|0,0|0,4|2,10|9,0|0,1|1,2|2,16|7,1|4,0.344,0,0.201,4.168,0,"{'sustain': 0.0, 'sostenuto': 0.0}",0.0|0.0,0,1,2.0|1.5
build/pieces/shelf/humming-song-op-68-no-3.musicxml,False,,PSyllabus:ABRSM=2(ps3); PSyllabus:Piano St=4(ps3); PSyllabus:RIAM=2(ps3); PSyllabus:SCSM=2(ps3),exam-lists,Schumann R.,Humming Song - op 68 no 3 C major,,"1 pitched part(s), staves 2",True,24,24,96.0,none,4/4,simple,0,0,0,2,metronome,100,3.18,5.28,3.33,1.0,62|81,50|67,1|1,0|2,2.05|2.53,eighth|eighth,0|0,0|0,0|0,0|0,2|2,3|10,0|0,0|0,1|1,56|64,7|0,0.486,0,0.033,3.739,0,"{'sustain': 0.0, 'sostenuto': 0.0}",0.0|0.0,0,0,1.0|2.0
build/pieces/shelf/hunting-song-op-68-no-7.musicxml,False,,PSyllabus:ABRSM=4(ps4); PSyllabus:AGME=3(ps4); PSyllabus:GCSE=4(ps4); PSyllabus:NZMEB=3(ps4); PSyllabus:Piano St=5(ps4); PSyllabus:RCM=5(ps4),exam-lists,Schumann R.,Album for the Young. Op. 68. No 7,,"1 pitched part(s), staves 2",True,30,30,84.0,confirmed,6/8,compound,0,-1,0,3,metronome,150,3.69,9.11,4.58,1.0,57|82,45|69,1|2,2|2,5.66|1.91,eighth|eighth,0|0,0|0,0|0,2|0,2|2,12|10,8|0,0|0,2|2,10|10,1|0,0.871,0,0.131,4.244,0,"{'sustain': 0.2, 'sostenuto': 0.0}",0.0|0.0,0,2,2.0|2.0
build/pieces/shelf/invention-in-a-minor-bwv-784.musicxml,False,,PSyllabus:ABRSM=6(ps6); PSyllabus:AGME=6(ps6); PSyllabus:AMEB=5(ps6); PSyllabus:ANZCA=5(ps6); PSyllabus:GCSE=6(ps6); PSyllabus:NZMEB=5(ps6); PSyllabus:Piano St=6(ps6); PSyllabus:RCM=8(ps6); PSyllabus:RIAM=6(ps6); PSyllabus:SCSM=5(ps6); PSyllabus:Trinity=6(ps6),exam-lists,Bach J.S.,2-Part Invention No 13 in A minor BWV 784,,"1 pitched part(s), staves 2",True,25,25,100.0,none,4/4,simple,0,0,0,0,none,UNKNOWN,,,,,54|84,38|69,2|3,3|1,9.09|11.7,16th|16th,0|0,0|0,0|0,0|0,1|1,0|0,0|0,2|5,1|1,51|24,0|0,0.421,0,0.124,4.853,0,"{'sustain': 0.0, 'sostenuto': 0.0}",0.0|0.0,0,0,3.0|2.75
build/pieces/shelf/invention-in-b-minor-bwv-786.musicxml,False,,PSyllabus:AMEB=5(ps6); PSyllabus:ANZCA=5(ps6); PSyllabus:GCSE=6(ps6); PSyllabus:LCM=6(ps6); PSyllabus:NZMEB=5(ps6); PSyllabus:Piano St=6(ps6); PSyllabus:RCM=8(ps6); PSyllabus:SCSM=6(ps6); RCM=8,exam-lists,"Bach, Johann Sebastian","Invention No. 15 in B Minor, BWV 786",,"1 pitched part(s), staves 2",True,22,22,88.0,none,4/4,simple,0,2,0,0,none,UNKNOWN,,,,,59|84,37|64,2|2,1|2,9.54|8.8,16th|16th,0|0,3|1,0|0,0|0,1|1,0|0,0|0,0|1,2|2,62|24,0|0,0.524,0,0.371,4.966,0,"{'sustain': 0.0, 'sostenuto': 0.0}",0.0|0.0,0,0,3.0|2.375
build/pieces/shelf/invention-in-c-major-bwv-772.musicxml,False,,PSyllabus:ABRSM=4(ps4); PSyllabus:AMEB=4(ps4); PSyllabus:GCSE=4(ps4); PSyllabus:NZMEB=4(ps4); PSyllabus:Piano St=5(ps4); PSyllabus:RCM=7(ps4); PSyllabus:RIAM=6(ps4); PSyllabus:SCSM=4(ps4),exam-lists,Bach J.S.,2-Part Invention No 1 in C major BWV 772,,"1 pitched part(s), staves 2",True,22,22,88.0,none,4/4,simple,0,0,0,2,none,UNKNOWN,,,,,60|84,36|70,2|2,1|3,6.12|7.66,32nd|16th,0|0,1|2,0|0,0|0,3|2,8|12,0|1,0|2,2|1,32|32,0|0,0.358,0,0.074,4.674,0,"{'sustain': 0.0, 'sostenuto': 0.0}",0.0|0.0,0,0,2.5|2.375
build/pieces/shelf/invention-in-c-minor-bwv-773.musicxml,False,,PSyllabus:AGME=6(ps5); PSyllabus:AMEB=5(ps5); PSyllabus:ANZCA=6(ps5); PSyllabus:NZMEB=5(ps5); PSyllabus:Piano St=5(ps5); PSyllabus:RCM=8(ps5); RCM=8,exam-lists,"Bach, Johann Sebastian","Invention No. 2 in C Minor, BWV 773",,"1 pitched part(s), staves 2",True,27,27,108.0,none,4/4,simple,0,-3,0,2,none,UNKNOWN,,,,,60|84,36|72,2|3,1|3,8.53|9.49,32nd|32nd,0|0,6|3,0|0,0|0,1|1,0|0,0|0,0|1,2|2,43|43,0|0,0.53,0,0.315,4.682,0,"{'sustain': 0.0, 'sostenuto': 0.0}",0.0|0.0,0,0,3.5|3.5
build/pieces/shelf/invention-in-d-major-bwv-774.musicxml,False,,PSyllabus:AGME=5(ps5); PSyllabus:AMEB=5(ps5); PSyllabus:NZMEB=5(ps5); PSyllabus:Piano St=5(ps5); PSyllabus:RCM=8(ps5); PSyllabus:RIAM=7(ps5); PSyllabus:SCSM=5(ps5); RCM=8,exam-lists,"Bach, Johann Sebastian","Invention No. 3 in D Major, BWV 774",,"1 pitched part(s), staves 2",True,60,60,89.0,confirmed,3/8,simple,0,2,0,2,none,UNKNOWN,,,,,57|83,38|71,1|2,2|3,4.26|4.76,16th|16th,0|0,8|1,0|0,1|0,1|1,0|0,0|0,0|0,2|2,32|38,0|0,0.432,0,0.322,4.557,0,"{'sustain': 0.0, 'sostenuto': 0.0}",0.0|0.0,0,0,2.667|3.0
build/pieces/shelf/invention-in-eb-major-bwv-776.musicxml,False,,PSyllabus:AMEB=5(ps5); PSyllabus:NZMEB=5(ps5); PSyllabus:Piano St=5(ps5); PSyllabus:RCM=8(ps5); PSyllabus:SCSM=6(ps5),exam-lists,Bach J.S.,Invention No 5 in Eb major BWV 776,,"1 pitched part(s), staves 2",True,32,32,128.0,none,4/4,simple,0,-3,0,0,none,UNKNOWN,,,,,62|84,39|65,2|2,0|1,7.65|6.77,32nd|16th,0|0,0|0,1|0,1|0,1|1,0|0,0|0,0|2,2|2,64|80,0|0,0.461,0,0.439,4.874,0,"{'sustain': 0.0, 'sostenuto': 0.0}",0.0|0.0,0,1,2.5|4.0
build/pieces/shelf/little-romance-op-68-no-19.musicxml,False,,PSyllabus:AMEB=4(ps4); PSyllabus:Piano St=4(ps4); PSyllabus:RCM=5(ps4),exam-lists,Schumann R.,A Little Romance - op 68 no 19 A minor,,"1 pitched part(s), staves 2",True,22,22,80.0,confirmed,4/4,simple,0,0,0,0,metronome,88,2.31,7.85,2.84,1.0,57|81,45|64,1|2,2|0,0.0|0.0,eighth|eighth,18|18,0|0,0|0,0|0,3|4,12|12,0|2,0|2,2|2,5|5,16|16,1.0,0,0.112,4.088,0,"{'sustain': 0.0, 'sostenuto': 0.0}",0.0|0.0,0,0,3.0|2.75
build/pieces/shelf/little-song-in-canon-form-op-68-no-27.musicxml,False,,PSyllabus:AGME=5(ps5); PSyllabus:Piano St=6(ps5),exam-lists,Schumann R.,A Canon - op 68 no 27 A minor,,"1 pitched part(s), staves 2",True,48,48,92.0,confirmed,2/4,simple,0,0,2,0,metronome,60,2.01,5.34,2.5,1.0,56|81,33|69,1|3,2|3,12.01|11.21,16th|16th,21|23,0|0,0|0,0|0,4|2,12|12,15|8,0|1,3|4,20|19,45|39,0.724,0,0.183,4.464,0,"{'sustain': 0.0, 'sostenuto': 0.0}",0.0|0.0,0,0,3.25|2.5
build/pieces/shelf/little-study-op-68-no-14.musicxml,False,,RCM=4,exam-lists,"Schumann, Robert",Little Study (no. 14),,"1 pitched part(s), staves 2",True,32,32,128.0,none,4/4,simple,0,1,0,8,metronome,132,6.51,6.58,6.6,1.0,55|79,43|67,0|3,2|1,7.73|7.94,eighth|eighth,0|0,0|0,64|62,0|0,1|1,0|0,0|0,4|4,2|1,141|186,1|1,0.005,31,0.099,4.087,0,"{'sustain': 0.0, 'sostenuto': 0.0}",0.0|0.0,0,1,1.5|1.5
build/pieces/shelf/may-sweet-may-op-68-no-13.musicxml,False,,PSyllabus:Piano St=5(ps5),exam-lists,Schumann R.,May Dearest May - op 68 no 13 E major,,"1 pitched part(s), staves 2",True,54,54,104.0,confirmed,2/4,simple,0,4,0,13,metronome,66,4.17,8.4,4.4,1.0,61|85,49|73,2|2,1|3,7.92|7.91,16th|16th,0|12,0|2,0|0,26|0,3|3,11|10,0|0,0|4,3|3,30|20,18|26,0.528,0,0.514,4.3,0,"{'sustain': 0.0, 'sostenuto': 0.0}",0.0|0.0,0,0,4.5|3.333
build/pieces/shelf/prelude-in-c-major-bwv-846.musicxml,False,,PSyllabus:AGME=8(ps8); PSyllabus:AMEB=8(ps8); PSyllabus:LCM=9(ps8); PSyllabus:Piano St=8(ps8); PSyllabus:RCM=11(ps8); PSyllabus:RIAM=9(ps8),exam-lists,Bach J.S.,Prelude and Fugue No 1 in C major BWV 846,,"1 pitched part(s), staves 2",True,36,36,144.0,none,4/4,simple,0,,0,0,none,UNKNOWN,,,,,53|81,36|60,1|1,3|2,2.01|3.68,16th|16th,0|0,0|0,0|0,0|0,3|2,8|12,0|1,10|3,1|16,14|54,7|29,0.004,0,0.074,4.428,0,"{'sustain': 0.0, 'sostenuto': 0.0}",0.0|0.0,0,0,3.0|1.5
build/pieces/shelf/prelude-op-28-no-4-in-e-minor.musicxml,False,,PSyllabus:AGME=6(ps6),exam-lists,Chopin F.,Prelude in E minor Op 28 No 4 and No 6,,"1 pitched part(s), staves 2",True,26,26,101.0,confirmed,2/2,simple,0,1,0,0,none,UNKNOWN,,,,,59|84,28|69,2|3,1|4,10.67|8.59,16th|eighth,1|0,4|0,2|0,1|0,1|7,0|36,0|1,0|2,2|8,10|88,0|2,0.314,0,0.197,4.336,0,"{'sustain': 0.0, 'sostenuto': 0.0}",0.0|0.0,0,0,0.5|6.0
build/pieces/shelf/roaming-in-the-morning-op-68-no-17.musicxml,False,,PSyllabus:AGME=5(ps5); PSyllabus:LCM=4(ps5); PSyllabus:Piano St=5(ps5); PSyllabus:SCSM=5(ps5),exam-lists,Schumann R.,The Morning Stroll - op 68 no 17 A major,,"1 pitched part(s), staves 2",True,32,32,60.0,confirmed,2/4,simple,0,3,0,0,metronome,69,2.97,7.95,3.59,1.0,54|81,38|66,1|2,3|1,4.46|5.88,32nd|32nd,0|2,2|0,7|5,0|0,4|3,12|12,3|10,1|1,4|9,10|9,11|13,0.529,0,0.299,4.303,0,"{'sustain': 0.0, 'sostenuto': 0.0}",0.0|0.0,0,1,4.5|3.0
build/pieces/shelf/rustic-song-op-68-no-20.musicxml,False,,PSyllabus:AGME=3(ps4); PSyllabus:Piano St=5(ps4); PSyllabus:SCSM=4(ps4),exam-lists,Schumann R.,Rustic Song from Album for the Young Op 68 No 20,,"1 pitched part(s), staves 2",True,42,42,80.0,confirmed,2/4,simple,0,3,0,2,metronome,92,2.45,7.78,3.07,1.0,61|81,45|74,1|3,1|2,2.99|6.4,eighth|eighth,8|4,0|0,0|0,3|0,4|4,9|12,0|0,0|0,2|3,10|25,0|7,0.734,0,0.345,4.149,0,"{'sustain': 0.0, 'sostenuto': 0.0}",0.0|0.0,0,1,3.0|2.0
build/pieces/shelf/sicilienne-op-68-no-11.musicxml,False,,PSyllabus:AGME=3(ps4); PSyllabus:AMEB=4(ps4); PSyllabus:GCSE=4(ps4); PSyllabus:NZMEB=4(ps4); PSyllabus:Piano St=3(ps4); PSyllabus:RCM=5(ps4); PSyllabus:SCSM=3(ps4); PSyllabus:Trinity=4(ps4),exam-lists,Schumann R.,Album for the Young Op 68 No 11 - Siciliano,,"1 pitched part(s), staves 2",True,40,40,100.5,confirmed,6/8 2/4,compound simple,1,0,0,0,metronome,156,3.4,7.73,4.11,0.746,59|79,47|66,0|2,1|0,12.38|8.26,16th|eighth,0|0,0|0,0|0,2|0,2|3,8|10,0|0,0|0,3|3,14|6,0|0,0.606,0,0.188,4.336,0,"{'sustain': 0.0, 'sostenuto': 0.0}",0.0|0.0,0,2,1.667|2.0
build/pieces/shelf/soldier-s-march-op-68-no-2.musicxml,False,,RCM=2,exam-lists,R. Schumann,"Soldier’s March, op. 68, no. 2",,"1 pitched part(s), staves 2",True,32,32,64.0,none,2/4,simple,0,1,0,4,metronome,132,2.44,7.29,2.48,1.0,60|79,48|67,0|1,1|2,1.6|3.45,16th|16th,0|0,8|8,0|0,0|0,3|2,10|12,0|1,2|0,1|1,4|4,0|0,1.0,0,0.113,4.016,0,"{'sustain': 0.0, 'sostenuto': 0.0}",0.0|0.0,0,1,2.0|1.25
build/pieces/shelf/sonatina-in-c-major-i-spiritoso-op-36-no-1.musicxml,False,,Intermediate,8notes,Clementi,"6 Piano Sonatinas, Op.36",,"1 pitched part(s), staves 2",True,38,38,152.0,none,2/2,simple,0,0,2,0,none,UNKNOWN,,,,,55|86,36|65,2|2,2|2,3.96|4.72,eighth|eighth,0|0,0|0,0|0,0|0,2|1,8|0,0|0,0|0,3|1,24|9,0|0,0.276,0,0.045,4.601,0,"{'sustain': 0.0, 'sostenuto': 0.0}",0.0|0.0,0,2,1.375|0.5
build/pieces/shelf/sonatina-in-g-major-i-presto-op-36-no-5.musicxml,False,,RCM=8,exam-lists,"Clementi, Muzio","Sonatina in G Major, op. 36, no. 5: 1st movement",,"1 pitched part(s), staves 2",True,86,86,336.0,confirmed,2/2,simple,0,1,0,10,none,UNKNOWN,,,,,60|88,35|69,3|2,1|2,8.32|3.68,eighth|eighth,0|0,0|0,176|173,29|0,2|2,8|12,0|26,0|2,2|3,96|90,0|0,0.282,2,0.171,4.721,0,"{'sustain': 0.0, 'sostenuto': 0.0}",0.0|0.0,0,2,1.5|2.167
build/pieces/shelf/spring-song-op-68-no-15.musicxml,False,,PSyllabus:Piano St=5(ps5),exam-lists,Schumann R.,Spring Song - op 68 no 15 E major,,"1 pitched part(s), staves 2",True,46,46,138.0,none,6/8,compound,0,4,0,4,metronome,63,1.77,4.71,2.1,1.0,59|83,42|69,1|3,1|2,8.01|12.21,16th|16th,0|0,0|0,0|0,0|0,3|2,12|12,3|3,0|0,5|2,12|6,23|10,0.588,0,0.52,4.372,0,"{'sustain': 0.0, 'sostenuto': 0.0}",0.0|0.0,0,0,3.333|1.333
build/pieces/shelf/strange-man-op-68-no-29.musicxml,False,,PSyllabus:AGME=4(ps6); PSyllabus:Piano St=5(ps6); PSyllabus:RCM=8(ps6); PSyllabus:SCSM=7(ps6),exam-lists,Schumann R.,Album for the Young Op 68 No 29,,"1 pitched part(s), staves 2",True,107,107,214.0,none,2/4,simple,0,-1,2,10,metronome,126,2.96,11.06,4.73,1.0,53|86,31|74,2|2,3|3,15.38|14.98,16th|16th,0|0,44|39,0|0,0|0,5|4,12|12,8|161,2|9,2|2,9|9,8|5,0.725,0,0.152,5.049,0,"{'sustain': 0.0467, 'sostenuto': 0.0}",0.0|0.0,0,4,3.5|2.5
build/pieces/shelf/the-happy-farmer-op-68-no-10.musicxml,False,,PSyllabus:ABRSM=4(ps4); PSyllabus:AMEB=4(ps4); PSyllabus:NZMEB=4(ps4); PSyllabus:Piano St=3(ps4); PSyllabus:RCM=4(ps4); PSyllabus:SCSM=2(ps4); PSyllabus:Trinity=3(ps4),exam-lists,Schumann R.,Frohlicher Landmann (The Merry Peasant) Op 68 No 10,,"1 pitched part(s), staves 2",True,21,21,80.5,confirmed,4/4,simple,0,-1,0,0,metronome,112,3.71,8.16,3.73,1.0,57|77,46|65,0|2,2|0,1.69|0.0,eighth|eighth,10|18,0|0,0|0,0|0,3|2,9|9,0|0,0|0,3|2,5|9,8|2,0.412,0,0.119,3.828,0,"{'sustain': 0.0, 'sostenuto': 0.0}",0.0|0.0,0,0,3.0|1.5
build/pieces/shelf/the-horseman-op-68-no-23.musicxml,False,,Trinity=5,exam-lists,Robert Schumann,"Reiterstück (The Horseman) (no. 23 from Album for the Young, op. 68)",,"1 pitched part(s), staves 2",True,57,57,161.5,confirmed,6/8,compound,0,-1,0,14,metronome,150,4.07,9.32,5.83,1.0,49|81,26|69,3|0,3|5,14.66|8.41,16th|16th,0|0,0|0,0|0,0|0,3|3,12|12,9|13,3|2,11|4,4|7,3|11,0.335,8,0.168,4.428,0,"{'sustain': 0.0, 'sostenuto': 0.0}",0.0|0.0,0,2,3.0|1.0
build/pieces/shelf/the-little-orphan-op-68-no-6.musicxml,False,,PSyllabus:Piano St=4(ps3); PSyllabus:SCSM=2(ps3),exam-lists,Schumann R.,The Poor Orphan - op 68 no 6 A minor,,"1 pitched part(s), staves 2",True,34,34,64.0,confirmed,2/4,simple,0,0,0,11,metronome,44,1.58,4.34,1.81,1.0,64|79,52|72,0|3,0|2,8.21|7.47,32nd|16th,0|0,3|6,0|0,0|0,2|3,10|12,0|12,0|0,2|1,7|7,6|14,0.696,0,0.079,3.829,0,"{'sustain': 0.0, 'sostenuto': 0.0}",0.0|0.0,0,0,3.5|3.0
build/pieces/shelf/the-reapers-song-op-68-no-18.musicxml,False,,PSyllabus:AGME=4(ps4); PSyllabus:AMEB=3(ps4); PSyllabus:GCSE=4(ps4); PSyllabus:Piano St=4(ps4); PSyllabus:SCSM=3(ps4),exam-lists,Schumann R.,Album for the Young Op 68 No 18,,"1 pitched part(s), staves 2",True,37,37,106.5,none,6/8,compound,0,0,0,2,metronome,162.0,4.94,9.63,5.4,1.0,60|84,48|67,2|1,1|3,4.0|0.0,eighth|eighth,0|0,0|0,0|0,6|0,2|2,9|7,0|0,0|0,2|6,22|25,20|0,0.549,0,0.026,4.155,0,"{'sustain': 0.0, 'sostenuto': 0.0}",0.0|0.0,0,2,2.333|1.333
build/pieces/shelf/three-stars-op-68-no-30.musicxml,False,,ABRSM=7; PSyllabus:AGME=5(ps5); PSyllabus:AMEB=5(ps5); PSyllabus:ANZCA=5(ps5); PSyllabus:Piano St=5(ps5),exam-lists,Schumann,"*** (No. 30 from Album für die Jugend, Op. 68)",,"1 pitched part(s), staves 2",True,49,49,192.0,confirmed,4/4,simple,0,-1,0,0,metronome,72,2.12,4.49,2.62,1.0,56|77,34|62,0|1,2|2,18.18|16.87,16th|16th,0|0,36|4,2|0,0|0,3|2,12|12,10|16,0|4,3|3,14|18,42|38,0.435,0,0.253,4.636,0,"{'sustain': 0.0, 'sostenuto': 0.0}",0.0|0.0,0,0,2.0|1.75
build/pieces/shelf/wilder-reiter-op-68-no-8.musicxml,False,,PSyllabus:ABRSM=3(ps3); PSyllabus:AGME=3(ps3); PSyllabus:AMEB=3(ps3); PSyllabus:NZMEB=3(ps3); PSyllabus:Piano St=3(ps3); PSyllabus:RCM=4(ps3); PSyllabus:SCSM=3(ps3); PSyllabus:Trinity=3(ps3),exam-lists,Schumann R.,Album for the Young. Op. 68. No 8,,"1 pitched part(s), staves 2",True,27,27,72.0,confirmed,6/8,compound,0,,0,8,none,UNKNOWN,,,,,60|77,48|65,0|1,1|2,4.08|3.64,eighth|eighth,0|0,0|0,0|0,0|0,3|3,9|8,0|0,0|0,3|1,23|23,0|0,0.486,0,0.064,3.825,0,"{'sustain': 0.0, 'sostenuto': 0.0}",0.0087|0.0111,0,1,2.0|2.0
content/scores/imported/asap-dataset/Bach/Fugue/bwv_846/xml_score.musicxml,False,,PSyllabus:AGME=8(ps8); PSyllabus:AMEB=8(ps8); PSyllabus:LCM=9(ps8); PSyllabus:Piano St=8(ps8); PSyllabus:RCM=11(ps8); PSyllabus:RIAM=9(ps8),exam-lists,Bach J.S.,Prelude and Fugue No 1 in C major BWV 846,,"1 pitched part(s), staves 2",True,27,27,108.0,none,4/4,simple,0,0,0,0,none,UNKNOWN,,,,,57|84,40|67,2|3,2|1,7.66|8.28,32nd|32nd,1|0,6|0,0|0,0|0,3|2,16|12,4|7,2|1,2|2,15|19,25|21,0.456,0,0.081,4.705,0,"{'sustain': 0.0, 'sostenuto': 0.0}",0.0|0.0,0,0,4.5|3.0
content/scores/imported/asap-dataset/Bach/Fugue/bwv_848/xml_score.musicxml,False,,Advanced,8notes,Bach,Fugue No. 7 in Eb Major from Das Wohltemperierte Klavier Book I BWV 848,,"1 pitched part(s), staves 2",True,55,55,220.0,none,4/4,simple,0,7,0,0,none,UNKNOWN,,,,,58|84,37|66,1|2,2|2,6.97|9.15,16th|16th,0|1,1|1,0|0,3|0,4|2,21|15,2|3,14|8,2|3,74|38,35|24,0.54,0,0.663,4.816,0,"{'sustain': 0.0, 'sostenuto': 0.0}",0.0|0.0,0,0,4.0|3.0
content/scores/imported/asap-dataset/Bach/Fugue/bwv_854/xml_score.musicxml,False,,Trinity=8,exam-lists,Johann Sebastian Bach,"Prelude and Fugue in E, BWV 854 (from The Well-Tempered Clavier book 1)",,"1 pitched part(s), staves 2",True,29,29,116.0,none,4/4,simple,0,4,0,0,none,UNKNOWN,,,,,59|83,37|64,1|2,1|2,6.74|5.57,16th|16th,1|0,0|2,0|0,0|0,2|2,16|14,6|1,1|4,2|1,62|43,19|11,0.434,0,0.546,4.646,0,"{'sustain': 0.0, 'sostenuto': 0.0}",0.0|0.0,0,0,4.0|2.75
content/scores/imported/asap-dataset/Bach/Fugue/bwv_856/xml_score.musicxml,False,,Advanced,8notes,Bach,Prelude and Fugue no.11 in F major BWV856 from 48 Preludes and Fugues Book 1,,"1 pitched part(s), staves 2",True,73,73,108.0,confirmed,3/8,simple,0,-1,0,0,none,UNKNOWN,,,,,57|84,36|67,2|3,2|2,7.18|6.04,32nd|16th,0|0,3|1,0|0,0|0,2|2,21|12,4|3,10|0,2|2,26|22,52|15,0.441,0,0.175,4.73,0,"{'sustain': 0.0, 'sostenuto': 0.0}",0.0|0.0,0,0,4.0|2.667
content/scores/imported/asap-dataset/Bach/Fugue/bwv_857/xml_score.musicxml,False,,Advanced,8notes,Bach,Prelude and Fugue no.12 in F minor BWV857 from 48 Preludes and Fugues Book 1,,"1 pitched part(s), staves 2",True,58,58,232.0,none,4/4,simple,0,-4,0,2,none,UNKNOWN,,,,,55|84,39|72,2|3,2|2,19.37|18.44,16th|16th,1|0,1|0,0|0,0|0,2|3,21|24,5|10,12|19,2|2,15|18,49|36,0.512,1,0.39,5.009,0,"{'sustain': 0.0, 'sostenuto': 0.0}",0.0|0.0,0,0,3.25|3.0
content/scores/imported/asap-dataset/Bach/Fugue/bwv_858/xml_score.musicxml,False,,RCM=10,exam-lists,"Bach, Johann Sebastian","Prelude and Fugue in F sharp Major, BWV 858",,"1 pitched part(s), staves 2",True,35,35,140.0,none,4/4,simple,0,6,0,0,none,UNKNOWN,,,,,61|83,37|68,1|3,1|2,5.77|3.67,32nd|32nd,0|0,0|0,0|0,0|0,2|1,21|0,2|0,1|3,2|2,31|56,32|0,0.456,0,0.731,4.681,0,"{'sustain': 0.0, 'sostenuto': 0.0}",0.0|0.0,0,0,4.25|2.75
content/scores/imported/asap-dataset/Bach/Fugue/bwv_860/xml_score.musicxml,False,,Advanced,8notes,Bach,Prelude and Fugue no.14 in G major BWV860 from 48 Preludes and Fugues Book 1,,"1 pitched part(s), staves 2",True,86,86,258.0,none,6/8,compound,0,1,0,0,none,UNKNOWN,,,,,55|84,36|64,2|2,2|2,8.25|9.52,32nd|32nd,0|0,0|0,0|0,0|0,3|2,21|16,3|1,23|2,2|2,84|58,54|21,0.517,0,0.206,4.968,0,"{'sustain': 0.0, 'sostenuto': 0.0}",0.0|0.0,0,0,4.0|3.333
content/scores/imported/asap-dataset/Bach/Fugue/bwv_862/xml_score.musicxml,False,,Advanced,8notes,Bach,Prelude and Fugue no.17 in Ab major BWV862 from 48 Preludes and Fugues Book 1,,"1 pitched part(s), staves 2",True,35,35,140.0,none,4/4,simple,0,-4,0,0,none,UNKNOWN,,,,,58|84,36|66,2|3,1|2,6.92|5.93,16th|16th,1|0,1|2,0|0,0|0,3|3,17|21,3|2,9|3,2|2,27|95,29|17,0.453,1,0.561,4.86,0,"{'sustain': 0.0, 'sostenuto': 0.0}",0.0|0.0,0,0,3.5|3.25
content/scores/imported/asap-dataset/Bach/Fugue/bwv_863/xml_score.musicxml,False,,RCM=10,exam-lists,J.S. Bach,"Prelude and Fugue in G sharp Minor, BWV 863",,"1 pitched part(s), staves 2",True,41,41,164.0,none,4/4,simple,0,5,0,0,none,UNKNOWN,,,,,56|83,37|68,1|3,2|2,19.66|14.17,16th|16th,0|2,0|1,0|0,0|0,3|2,18|19,0|11,3|4,2|3,15|24,34|25,0.574,0,0.665,4.952,0,"{'sustain': 0.0, 'sostenuto': 0.0}",0.0|0.0,0,0,3.0|2.25
content/scores/imported/asap-dataset/Bach/Fugue/bwv_864/xml_score.musicxml,False,,Advanced,8notes,Bach,Prelude and Fugue no.19 in A major BWV864 from 48 Preludes and Fugues Book 1,,"1 pitched part(s), staves 2",True,54,54,241.5,none,9/8,compound,0,3,0,0,none,UNKNOWN,,,,,56|83,37|69,1|3,2|2,7.92|7.39,32nd|16th,0|0,0|0,0|0,0|0,2|2,20|12,1|1,8|0,2|2,42|68,49|2,0.496,0,0.431,4.838,0,"{'sustain': 0.0, 'sostenuto': 0.0}",0.0|0.0,0,0,3.333|1.778
content/scores/imported/asap-dataset/Bach/Fugue/bwv_865/xml_score.musicxml,False,,Advanced,8notes,Bach,Prelude and Fugue no.20 in A minor BWV865 from 48 Preludes and Fugues Book 1,,"1 pitched part(s), staves 2",True,87,87,348.0,none,4/4,simple,0,0,0,4,none,UNKNOWN,,,,,55|84,38|73,2|3,2|1,12.23|11.29,32nd|32nd,6|9,9|0,0|0,0|0,4|3,21|19,14|33,22|14,3|2,24|27,73|67,0.544,3,0.13,4.909,0,"{'sustain': 0.0, 'sostenuto': 0.0}",0.0|0.0,0,0,4.25|3.5
content/scores/imported/asap-dataset/Bach/Fugue/bwv_866/xml_score.musicxml,False,,RCM=10,exam-lists,"Bach, Johann Sebastian","Prelude and Fugue in B flat Major, BWV 866",,"1 pitched part(s), staves 2",True,48,48,144.0,none,3/4,simple,0,-2,0,0,none,UNKNOWN,,,,,58|84,39|65,2|2,1|1,6.11|6.08,16th|16th,0|0,3|0,0|0,0|0,2|2,21|12,3|3,12|3,5|6,90|58,33|22,0.49,0,0.3,4.787,0,"{'sustain': 0.0, 'sostenuto': 0.0}",0.0|0.0,0,0,4.0|2.833
content/scores/imported/asap-dataset/Bach/Fugue/bwv_867/xml_score.musicxml,False,,Advanced,8notes,Bach,Prelude and Fugue no.22 in Bb minor BWV867 from 48 Preludes and Fugues Book 1,,"1 pitched part(s), staves 2",True,75,75,300.0,none,2/2,simple,0,-5,0,0,none,UNKNOWN,,,,,58|84,38|66,2|3,1|1,13.98|10.31,eighth|eighth,0|0,0|0,0|0,0|0,3|2,24|19,6|5,8|3,2|2,15|15,71|40,0.459,0,0.605,4.916,0,"{'sustain': 0.0, 'sostenuto': 0.0}",0.0|0.0,0,0,1.75|1.0
content/scores/imported/asap-dataset/Bach/Fugue/bwv_868/xml_score.musicxml,False,,RCM=10,exam-lists,"Bach, Johann Sebastian","Prelude and Fugue in B Major, BWV 868",,"1 pitched part(s), staves 2",True,34,34,136.0,none,4/4,simple,0,5,0,0,none,UNKNOWN,,,,,59|83,37|68,1|3,1|2,7.51|6.59,16th|16th,1|3,2|1,0|0,0|0,2|2,15|19,1|2,3|3,3|2,10|21,27|21,0.485,0,0.671,4.793,0,"{'sustain': 0.0, 'sostenuto': 0.0}",0.0|0.0,0,0,3.75|3.125
content/scores/imported/asap-dataset/Bach/Fugue/bwv_870/xml_score.musicxml,False,,Advanced,8notes,Bach,Prelude and Fugue no.1 in C major BWV870 from 48 Preludes and Fugues Book 2,,"1 pitched part(s), staves 2",True,83,83,166.0,none,2/4,simple,0,0,0,0,none,UNKNOWN,,,,,55|84,36|69,2|3,2|2,5.02|4.84,16th|16th,5|0,5|0,0|0,0|0,4|2,16|19,11|2,12|0,2|2,40|96,70|11,0.311,0,0.054,4.714,0,"{'sustain': 0.0, 'sostenuto': 0.0}",0.0|0.0,0,0,3.5|3.5
content/scores/imported/asap-dataset/Bach/Fugue/bwv_873/xml_score.musicxml,False,,PSyllabus:ABRSM=10(ps9); PSyllabus:Piano St=8(ps9); PSyllabus:RCM=11(ps9); PSyllabus:RIAM=9(ps9),exam-lists,Bach J.S.,Prelude  Fugue No 4 in C minor WTC Book 2 BWV 873,,"1 pitched part(s), staves 2",True,71,71,213.0,none,12/16,compound,0,4,0,0,none,UNKNOWN,,,,,54|83,37|66,1|2,3|2,16.61|15.36,16th|16th,0|0,0|0,0|0,0|1,2|2,19|12,1|5,5|4,2|3,36|57,58|26,0.413,0,0.615,4.857,0,"{'sustain': 0.0, 'sostenuto': 0.0}",0.0|0.0,0,0,4.0|2.667
content/scores/imported/asap-dataset/Bach/Fugue/bwv_874/xml_score.musicxml,False,,Advanced,8notes,Bach,Prelude and Fugue no.5 in D major BWV874 from 48 Preludes and Fugues Book 2,,"1 pitched part(s), staves 2",True,50,50,200.0,none,2/2,simple,0,2,0,0,none,UNKNOWN,,,,,54|81,38|64,1|2,3|1,7.27|8.51,16th|16th,8|3,0|0,0|0,0|0,2|3,19|19,9|11,6|7,3|3,15|24,46|41,0.694,0,0.265,4.689,0,"{'sustain': 0.0, 'sostenuto': 0.0}",0.0|0.0,0,0,2.5|2.5
content/scores/imported/asap-dataset/Bach/Fugue/bwv_875/xml_score.musicxml,False,,PSyllabus:RIAM=8(ps10),exam-lists,Bach J.S.,Fugue No 6 in D minor from WTC Book 2 BWV 875,,"1 pitched part(s), staves 2",True,27,27,108.0,none,4/4,simple,0,-1,0,0,none,UNKNOWN,,,,,57|81,37|63,1|2,2|2,17.73|16.28,16th|16th,1|0,6|5,62|44,0|0,2|2,21|18,5|3,8|2,2|2,24|19,23|8,0.389,0,0.182,4.922,0,"{'sustain': 0.0, 'sostenuto': 0.0}",0.0|0.0,0,0,4.25|3.25
content/scores/imported/asap-dataset/Bach/Fugue/bwv_880/xml_score.musicxml,False,,Advanced,8notes,Bach,Prelude and Fugue no.11 in F major BWV880 from 48 Preludes and Fugues Book 2,,"1 pitched part(s), staves 2",True,99,99,147.75,none,6/16,compound,0,-1,0,0,none,UNKNOWN,,,,,58|84,36|65,2|2,1|2,12.39|12.74,32nd|16th,0|0,0|0,0|0,0|0,4|2,19|12,3|3,2|3,2|2,16|50,72|28,0.466,0,0.185,4.919,0,"{'sustain': 0.0, 'sostenuto': 0.0}",0.0|0.0,0,0,4.667|2.667
content/scores/imported/asap-dataset/Bach/Fugue/bwv_883/xml_score.musicxml,False,,PSyllabus:RIAM=8(ps9),exam-lists,Bach J.S.,Fugue No 14 in F minor from WTC Book 2 BWV 883,,"1 pitched part(s), staves 2",True,70,70,280.0,none,4/4,simple,0,3,0,0,none,UNKNOWN,,,,,56|81,37|66,1|2,2|2,13.84|11.05,32nd|32nd,14|8,13|7,0|0,0|0,2|2,16|19,3|5,6|9,2|3,32|86,57|24,0.451,0,0.506,4.788,0,"{'sustain': 0.0, 'sostenuto': 0.0}",0.0|0.0,0,0,2.75|2.25
content/scores/imported/asap-dataset/Bach/Fugue/bwv_884/xml_score.musicxml,False,,RCM=10,exam-lists,J.S. Bach,"Prelude and Fugue in G Major, BWV 884",,"1 pitched part(s), staves 2",True,72,72,108.0,none,3/8,simple,0,1,0,0,none,UNKNOWN,,,,,55|83,36|67,1|3,2|2,5.02|6.92,32nd|32nd,0|0,2|0,0|0,1|0,2|4,19|20,2|1,2|9,6|4,47|62,51|18,0.335,0,0.22,4.777,0,"{'sustain': 0.0, 'sostenuto': 0.0}",0.0|0.0,0,0,4.0|4.0
content/scores/imported/asap-dataset/Bach/Fugue/bwv_888/xml_score.musicxml,False,,RCM=10,exam-lists,"Bach, Johann Sebastian","Prelude and Fugue in A Major, BWV 888",,"1 pitched part(s), staves 2",True,29,29,116.0,none,4/4,simple,0,3,0,0,none,UNKNOWN,,,,,56|83,33|68,1|3,2|3,12.42|10.68,16th|16th,3|0,30|29,0|0,0|0,2|2,18|15,2|0,0|0,2|2,35|35,23|4,0.591,0,0.475,4.824,0,"{'sustain': 0.0, 'sostenuto': 0.0}",0.0|0.0,0,0,4.25|3.0
content/scores/imported/asap-dataset/Bach/Fugue/bwv_889/xml_score.musicxml,False,,RCM=10,exam-lists,"Bach, Johann Sebastian","Prelude and Fugue in A Minor, BWV 889",,"1 pitched part(s), staves 2",True,28,28,112.0,none,4/4,simple,0,0,0,0,none,UNKNOWN,,,,,55|84,33|70,2|4,2|3,13.13|10.93,32nd|32nd,0|0,0|1,0|0,0|0,3|2,29|12,1|2,13|1,2|2,32|16,20|8,0.201,0,0.18,5.094,0,"{'sustain': 0.0, 'sostenuto': 0.0}",0.0|0.0,0,0,3.25|3.0
content/scores/imported/asap-dataset/Bach/Fugue/bwv_892/xml_score.musicxml,False,,Advanced,8notes,Bach,Prelude and Fugue no.23 in B major BWV 892 from 48 Preludes and Fugues Book 2,,"1 pitched part(s), staves 2",True,104,104,416.0,none,2/2,simple,0,5,0,2,none,UNKNOWN,,,,,58|83,39|70,1|3,2|1,12.6|9.12,16th|16th,21|11,0|0,0|0,0|0,2|2,19|24,4|8,10|13,2|2,15|31,82|62,0.457,0,0.643,4.897,0,"{'sustain': 0.0, 'sostenuto': 0.0}",0.0|0.0,0,0,2.0|1.75
content/scores/imported/asap-dataset/Bach/Fugue/bwv_893/xml_score.musicxml,False,,RCM=10,exam-lists,"Bach, Johann Sebastian","Prelude and Fugue in B Minor, BWV 893",,"1 pitched part(s), staves 2",True,101,101,150.5,confirmed,3/8,simple,0,2,0,0,none,UNKNOWN,,,,,54|83,35|66,1|2,3|2,12.68|12.66,32nd|32nd,0|0,2|0,0|0,2|0,2|2,20|16,0|1,5|5,2|2,44|72,60|19,0.446,0,0.401,4.892,0,"{'sustain': 0.0, 'sostenuto': 0.0}",0.0|0.0,0,0,4.0|3.333
content/scores/imported/asap-dataset/Bach/Prelude/bwv_846/xml_score.musicxml,False,,PSyllabus:AGME=4(ps5); PSyllabus:AMEB=4(ps5); PSyllabus:GCSE=5(ps5); PSyllabus:SCSM=4(ps5),exam-lists,Bach J.S.,Prelude in C major BWV 846 (prelude only),,"1 pitched part(s), staves 2",True,35,35,140.0,none,4/4,simple,0,0,0,0,none,UNKNOWN,,,,,53|81,36|64,1|2,3|2,1.72|2.37,16th|16th,0|0,0|0,0|0,0|0,3|2,8|12,0|1,3|3,1|16,14|66,0|35,0.002,0,0.069,4.406,0,"{'sustain': 0.0, 'sostenuto': 0.0}",0.0|0.0,0,0,3.0|1.5
content/scores/imported/asap-dataset/Bach/Prelude/bwv_848/xml_score.musicxml,False,,Advanced,8notes,Bach,Prelude No. 7 in Eb Major from Das Wohltemperierte Klavier Book I BWV 848,,"1 pitched part(s), staves 2",True,104,104,156.0,none,3/8,simple,0,7,0,0,none,UNKNOWN,,,,,61|84,44|68,1|3,1|0,8.56|7.29,16th|16th,0|0,0|0,0|0,0|0,3|3,12|17,0|0,0|6,1|15,54|76,1|13,0.289,0,0.728,4.643,0,"{'sustain': 0.0, 'sostenuto': 0.0}",0.0|0.0,0,0,2.667|2.0
content/scores/imported/asap-dataset/Bach/Prelude/bwv_857/xml_score.musicxml,False,,Advanced,8notes,Bach,Prelude and Fugue no.12 in F minor BWV857 from 48 Preludes and Fugues Book 1,,"1 pitched part(s), staves 2",True,22,22,88.0,none,4/4,simple,0,-4,0,0,none,UNKNOWN,,,,,57|84,36|68,2|3,2|2,17.06|14.98,32nd|16th,1|2,9|1,0|0,0|0,3|2,9|19,0|4,1|4,2|2,31|28,17|21,0.387,0,0.381,4.873,0,"{'sustain': 0.0, 'sostenuto': 0.0}",0.0|0.0,0,0,4.0|2.875
content/scores/imported/asap-dataset/Bach/Prelude/bwv_858/xml_score.musicxml,False,,RCM=10,exam-lists,"Bach, Johann Sebastian","Prelude and Fugue in F sharp Major, BWV 858",,"1 pitched part(s), staves 2",True,30,30,90.0,none,12/16,compound,0,6,0,0,"sound tempo (120 only, possible exporter default)",UNKNOWN,,,,,57|84,37|68,1|3,2|2,10.19|4.94,32nd|16th,0|0,0|0,0|0,0|0,1|1,0|0,0|0,0|3,2|2,19|19,0|1,0.11,0,0.674,4.885,0,"{'sustain': 0.0, 'sostenuto': 0.0}",0.0|0.0,0,0,3.0|1.333
content/scores/imported/asap-dataset/Bach/Prelude/bwv_860/xml_score.musicxml,False,,Advanced,8notes,Bach,Prelude and Fugue no.14 in G major BWV860 from 48 Preludes and Fugues Book 1,,"1 pitched part(s), staves 2",True,19,19,114.0,none,24/16,UNKNOWN,0,1,0,0,none,UNKNOWN,,,,,52|84,38|69,2|3,3|1,5.67|5.09,16th|16th,0|0,0|0,0|0,0|0,3|1,8|0,0|0,1|2,2|2,65|66,0|0,0.4,0,0.23,4.897,0,"{'sustain': 0.0, 'sostenuto': 0.0}",0.0|0.0,0,0,2.833|2.667
content/scores/imported/asap-dataset/Bach/Prelude/bwv_863/xml_score.musicxml,False,,RCM=10,exam-lists,J.S. Bach,"Prelude and Fugue in G sharp Minor, BWV 863",,"1 pitched part(s), staves 2",True,29,29,87.0,none,6/8,compound,0,5,0,0,none,UNKNOWN,,,,,57|83,36|64,1|2,2|2,10.09|14.61,16th|16th,0|0,0|0,0|0,0|0,2|2,16|16,2|0,0|6,7|3,36|84,27|13,0.527,0,0.653,4.949,0,"{'sustain': 0.0, 'sostenuto': 0.0}",0.0|0.0,0,0,4.0|3.0
content/scores/imported/asap-dataset/Bach/Prelude/bwv_864/xml_score.musicxml,False,,Advanced,8notes,Bach,Prelude and Fugue no.19 in A major BWV864 from 48 Preludes and Fugues Book 1,,"1 pitched part(s), staves 2",True,24,24,96.0,none,4/4,simple,0,3,0,0,none,UNKNOWN,,,,,57|83,38|66,1|2,2|1,10.36|6.88,16th|16th,0|0,2|1,0|0,0|0,2|2,21|12,0|1,18|3,3|3,51|51,17|11,0.497,0,0.429,4.765,0,"{'sustain': 0.0, 'sostenuto': 0.0}",0.0|0.0,0,0,4.0|2.75
content/scores/imported/asap-dataset/Bach/Prelude/bwv_865/xml_score.musicxml,False,,Advanced,8notes,Bach,Prelude and Fugue no.20 in A minor BWV865 from 48 Preludes and Fugues Book 1,,"1 pitched part(s), staves 2",True,28,28,124.5,none,9/8,compound,0,0,0,0,none,UNKNOWN,,,,,55|83,36|69,1|3,2|2,9.7|8.94,16th|16th,0|0,0|0,0|0,0|0,4|1,21|0,2|0,3|1,2|9,48|12,11|6,0.326,0,0.171,4.926,0,"{'sustain': 0.0, 'sostenuto': 0.0}",0.0|0.0,0,0,3.111|2.222
content/scores/imported/asap-dataset/Bach/Prelude/bwv_866/xml_score.musicxml,False,,RCM=10,exam-lists,"Bach, Johann Sebastian","Prelude and Fugue in B flat Major, BWV 866",,"1 pitched part(s), staves 2",True,20,20,80.0,none,4/4,simple,0,-2,0,0,none,UNKNOWN,,,,,57|84,36|63,2|2,2|2,9.46|7.48,32nd|32nd,0|0,7|6,0|0,0|0,4|4,11|16,0|0,0|10,3|5,27|113,8|15,0.03,3,0.237,4.685,0,"{'sustain': 0.0, 'sostenuto': 0.0}",0.0|0.0,0,0,4.25|3.75
content/scores/imported/asap-dataset/Bach/Prelude/bwv_867/xml_score.musicxml,False,,Advanced,8notes,Bach,Prelude and Fugue no.22 in Bb minor BWV867 from 48 Preludes and Fugues Book 1,,"1 pitched part(s), staves 2",True,24,24,96.0,none,4/4,simple,0,-5,0,0,none,UNKNOWN,,,,,58|84,39|66,2|3,1|1,9.09|9.68,16th|16th,0|0,0|0,0|0,0|0,5|4,19|19,1|7,1|0,4|16,11|19,24|14,0.729,0,0.551,4.717,0,"{'sustain': 0.0, 'sostenuto': 0.0}",0.0|0.0,0,0,5.375|2.75
content/scores/imported/asap-dataset/Bach/Prelude/bwv_868/xml_score.musicxml,False,,RCM=10,exam-lists,"Bach, Johann Sebastian","Prelude and Fugue in B Major, BWV 868",,"1 pitched part(s), staves 2",True,19,19,76.0,none,4/4,simple,0,5,0,0,none,UNKNOWN,,,,,59|82,40|64,1|2,1|1,8.85|3.33,16th|16th,0|0,0|0,0|0,0|0,3|2,16|16,0|0,2|2,2|1,23|16,19|6,0.286,0,0.657,4.631,0,"{'sustain': 0.0, 'sostenuto': 0.0}",0.0|0.0,0,0,3.75|2.5
content/scores/imported/asap-dataset/Bach/Prelude/bwv_873/xml_score.musicxml,False,,PSyllabus:ABRSM=10(ps9); PSyllabus:Piano St=8(ps9); PSyllabus:RCM=11(ps9); PSyllabus:RIAM=9(ps9),exam-lists,Bach J.S.,Prelude  Fugue No 4 in C minor WTC Book 2 BWV 873,,"1 pitched part(s), staves 2",True,62,62,279.0,none,9/8,compound,0,4,0,0,none,UNKNOWN,,,,,56|83,37|68,1|3,2|2,14.05|12.25,32nd|32nd,0|0,0|0,0|0,55|9,4|1,19|0,2|0,1|1,5|5,13|35,60|2,0.45,0,0.617,4.907,0,"{'sustain': 0.0, 'sostenuto': 0.0}",0.0|0.0,0,0,2.444|2.0
content/scores/imported/asap-dataset/Bach/Prelude/bwv_874/xml_score.musicxml,False,,Advanced,8notes,Bach,Prelude and Fugue no.5 in D major BWV874 from 48 Preludes and Fugues Book 2,,"1 pitched part(s), staves 2",True,56,56,336.0,none,12/8,compound,0,2,0,0,metronome,120,6.09,8.82,7.75,1.0,55|83,37|69,1|3,2|2,7.1|5.0,16th|16th,0|0,0|0,88|57,0|0,3|3,20|12,0|2,4|3,3|4,39|35,51|11,0.329,1,0.312,4.857,0,"{'sustain': 0.0, 'sostenuto': 0.0}",0.0|0.0,0,0,2.833|2.0
content/scores/imported/asap-dataset/Bach/Prelude/bwv_880/xml_score.musicxml,False,,Advanced,8notes,Bach,Prelude and Fugue no.11 in F major BWV880 from 48 Preludes and Fugues Book 2,,"1 pitched part(s), staves 2",True,72,72,432.0,none,3/2,UNKNOWN,0,-1,0,0,none,UNKNOWN,,,,,55|82,36|67,1|3,2|2,11.31|10.19,eighth|eighth,0|0,0|0,0|0,1|0,3|2,17|12,3|6,1|3,2|2,35|35,61|64,0.322,0,0.148,4.84,0,"{'sustain': 0.0, 'sostenuto': 0.0}",0.0|0.0,0,0,1.833|1.5
content/scores/imported/asap-dataset/Bach/Prelude/bwv_884/xml_score.musicxml,False,,RCM=10,exam-lists,J.S. Bach,"Prelude and Fugue in G Major, BWV 884",,"1 pitched part(s), staves 2",True,48,48,144.0,none,3/4,simple,0,1,0,0,none,UNKNOWN,,,,,59|84,36|66,2|2,1|2,6.36|7.11,16th|16th,0|0,0|0,0|0,0|0,2|2,16|15,0|0,0|3,1|1,64|64,7|8,0.534,0,0.158,4.747,0,"{'sustain': 0.0, 'sostenuto': 0.0}",0.0|0.0,0,0,3.667|2.667
content/scores/imported/asap-dataset/Bach/Prelude/bwv_888/xml_score.musicxml,False,,RCM=10,exam-lists,"Bach, Johann Sebastian","Prelude and Fugue in A Major, BWV 888",,"1 pitched part(s), staves 2",True,33,33,198.0,none,12/8,compound,0,3,0,0,none,UNKNOWN,,,,,57|83,38|69,1|3,2|1,7.23|6.88,16th|eighth,0|0,0|0,0|0,1|0,2|2,19|12,3|1,3|0,2|2,16|32,33|3,0.576,0,0.387,4.764,0,"{'sustain': 0.0, 'sostenuto': 0.0}",0.0|0.0,0,0,2.5|1.5
content/scores/imported/asap-dataset/Bach/Prelude/bwv_889/xml_score.musicxml,False,,RCM=10,exam-lists,"Bach, Johann Sebastian","Prelude and Fugue in A Minor, BWV 889",,"1 pitched part(s), staves 2",True,32,32,128.0,none,4/4,simple,0,0,0,0,none,UNKNOWN,,,,,52|84,38|69,2|3,3|1,31.75|31.7,32nd|32nd,0|0,0|0,0|0,0|0,1|2,0|9,0|0,3|1,1|2,12|25,1|3,0.274,0,0.24,5.126,0,"{'sustain': 0.0, 'sostenuto': 0.0}",0.0|0.0,0,0,3.625|3.25
content/scores/imported/asap-dataset/Bach/Prelude/bwv_892/xml_score.musicxml,False,,Advanced,8notes,Bach,Prelude and Fugue no.23 in B major BWV 892 from 48 Preludes and Fugues Book 2,,"1 pitched part(s), staves 2",True,46,46,184.0,none,4/4,simple,0,5,0,1,none,UNKNOWN,,,,,49|83,35|66,2|2,2|2,10.81|9.03,32nd|32nd,0|0,1|0,0|0,6|0,3|2,9|16,0|2,1|13,4|9,116|72,14|11,0.384,2,0.669,4.882,0,"{'sustain': 0.0, 'sostenuto': 0.0}",0.0|0.0,0,0,3.5|2.25
content/scores/imported/asap-dataset/Bach/Prelude/bwv_893/xml_score.musicxml,False,,RCM=10,exam-lists,"Bach, Johann Sebastian","Prelude and Fugue in B Minor, BWV 893",,"1 pitched part(s), staves 2",True,66,66,264.0,none,2/2,simple,0,2,0,0,sound tempo,144,5.82,7.95,6.6,1.0,54|81,38|68,1|3,3|1,12.32|15.66,16th|16th,0|0,0|0,0|0,1|0,4|2,12|9,0|0,3|2,2|2,17|37,10|1,0.32,0,0.383,4.783,0,"{'sustain': 0.0, 'sostenuto': 0.0}",0.0|0.0,0,0,2.125|1.25
content/scores/imported/asap-dataset/Brahms/Six_Pieces_op_118/2/xml_score.musicxml,False,,PSyllabus:ABRSM=9(ps9); PSyllabus:AGME=8(ps9); PSyllabus:AMEB=10(ps9); PSyllabus:GCSE=9(ps9); PSyllabus:LCM=10(ps9); PSyllabus:NZMEB=9(ps9); PSyllabus:Piano St=9(ps9); PSyllabus:RCM=11(ps9); PSyllabus:RIAM=9(ps9); PSyllabus:SCSM=7(ps9),exam-lists,Brahms J.,Intermezzo in A major No 2 from Clavierstucke Op 118,,"1 pitched part(s), staves 2",True,117,117,349.0,confirmed,3/4,simple,0,3,0,0,metronome,UNKNOWN,2.31,4.86,3.18,0.616,55|85,28|69,2|3,2|4,13.6|12.12,16th|eighth,10|0,18|0,4|50,0|0,4|4,14|29,3|0,10|77,2|15,22|54,97|79,0.429,0,0.377,5.07,0,"{'sustain': 0.0085, 'sostenuto': 0.0}",0.0|0.0,0,1,2.333|2.667
content/scores/imported/asap-dataset/Chopin/Berceuse_op_57/xml_score.musicxml,False,,PSyllabus:ABRSM=9(ps9); PSyllabus:AGME=9(ps9); PSyllabus:AMEB=10(ps9); PSyllabus:GCSE=9(ps9); PSyllabus:LCM=10(ps9); PSyllabus:NZMEB=9(ps9); PSyllabus:Piano St=8(ps9); PSyllabus:RCM=11(ps9),exam-lists,Chopin F.,Berceuse in Db major Op 57,,"1 pitched part(s), staves 2",True,70,70,210.0,none,6/8,compound,0,-5,0,0,sound tempo,60,4.61,8.15,11.58,1.0,60|101,32|70,5|4,1|3,16.37|1.91,64th|eighth,0|0,0|0,170|0,44|0,3|4,14|24,2|0,18|136,22|2,138|4,20|2,0.305,1,0.695,4.881,12,"{'sustain': 0.0, 'sostenuto': 0.0}",0.0|0.0,0,0,4.0|2.333
content/scores/imported/asap-dataset/Chopin/Etudes_op_10/1/xml_score.musicxml,False,,PSyllabus:AMEB=11(ps10); PSyllabus:NZMEB=10(ps10); PSyllabus:Piano St=9(ps10); PSyllabus:RCM=11(ps10),exam-lists,Chopin F.,Etude in C major Op 10 No 1,,"1 pitched part(s), staves 2",True,79,79,317.0,none,4/4,simple,0,0,0,0,metronome,176,11.5,12.37,11.73,1.0,56|101,24|62,5|1,2|5,16.57|14.95,16th|16th,0|0,0|0,0|0,0|0,1|2,0|12,0|60,7|58,1|2,66|121,0|73,0.027,0,0.135,5.669,32,"{'sustain': 0.0506, 'sostenuto': 0.0}",0.0|0.0,0,0,3.0|1.25
content/scores/imported/asap-dataset/Chopin/Etudes_op_10/10/xml_score.musicxml,False,,PSyllabus:AMEB=11(ps10); PSyllabus:NZMEB=10(ps10); PSyllabus:Piano St=9(ps10); PSyllabus:RCM=11(ps10),exam-lists,Chopin F.,Etude in Ab major Op 10 No 10,,"1 pitched part(s), staves 2",True,78,78,462.5,confirmed,12/8,compound,0,-4,4,6,sound tempo,140,5.15,12.71,6.31,1.0,56|101,32|79,5|4,2|3,17.25|8.81,eighth|eighth,0|0,0|0,0|0,0|0,3|4,10|12,0|4,180|152,2|6,804|408,6|12,0.876,0,0.567,5.459,9,"{'sustain': 0.9615, 'sostenuto': 0.0}",0.0|0.0,0,0,3.0|2.0
content/scores/imported/asap-dataset/Chopin/Etudes_op_10/12/xml_score.musicxml,False,,PSyllabus:AMEB=11(ps10); PSyllabus:NZMEB=10(ps10); PSyllabus:Piano St=9(ps10); PSyllabus:RCM=9(ps10),exam-lists,Chopin F.,Etude in C minor Op 10 No 12 (Revolutionary),,"1 pitched part(s), staves 2",True,84,84,336.0,none,4/4,simple,0,-3,0,6,metronome,160,10.51,16.52,12.0,1.0,60|92,24|80,4|3,1|5,20.14|17.4,32nd|32nd,2|0,31|0,9|0,0|0,5|6,14|36,67|91,1|35,3|2,22|368,16|11,0.192,0,0.323,5.425,0,"{'sustain': 0.0, 'sostenuto': 0.0}",0.0|0.0,0,0,1.75|4.0
content/scores/imported/asap-dataset/Chopin/Etudes_op_10/2/xml_score.musicxml,False,,PSyllabus:AMEB=11(ps10); PSyllabus:NZMEB=10(ps10); PSyllabus:Piano St=9(ps10); PSyllabus:RCM=11(ps10),exam-lists,Chopin F.,Etude in A minor Op 10 No 2,,"1 pitched part(s), staves 2",True,49,49,196.0,none,4/4,simple,0,0,0,0,metronome,144,9.38,17.88,9.6,1.0,57|96,28|71,3|4,2|4,44.1|18.97,16th|eighth,0|0,0|0,0|0,0|0,3|4,12|12,0|53,1|21,2|1,496|6,48|1,0.202,0,0.24,5.319,3,"{'sustain': 0.0, 'sostenuto': 0.0}",0.0|0.0,0,0,6.0|2.0
content/scores/imported/asap-dataset/Chopin/Etudes_op_10/3/xml_score.musicxml,False,,PSyllabus:Piano St=8(ps9); PSyllabus:RCM=11(ps9); PSyllabus:SCSM=8(ps9),exam-lists,Chopin F.,Etude in E major Op 10 No 3 Tristesse,,"1 pitched part(s), staves 2",True,78,78,154.5,confirmed,2/4,simple,0,4,0,10,metronome,100,2.25,6.99,6.67,1.0,54|100,33|87,5|3,3|3,14.07|18.28,16th|16th,0|0,15|11,1|5,11|0,4|4,14|12,13|19,7|32,4|4,160|89,53|32,0.763,0,0.436,5.216,2,"{'sustain': 0.0, 'sostenuto': 0.0}",0.0|0.0,0,0,8.0|4.0
content/scores/imported/asap-dataset/Chopin/Etudes_op_10/4/xml_score.musicxml,False,,PSyllabus:AMEB=11(ps10); PSyllabus:NZMEB=10(ps10); PSyllabus:Piano St=9(ps10); PSyllabus:RCM=11(ps10),exam-lists,Chopin F.,Etude in C minor Op 10 No 4,,"1 pitched part(s), staves 2",True,83,83,329.0,confirmed,4/4,simple,0,4,2,19,metronome,176,11.24,19.96,11.73,1.0,49|100,25|80,5|3,2|5,23.79|21.08,16th|16th,2|0,0|0,0|0,0|0,5|4,14|15,10|52,19|24,3|4,124|120,22|4,0.415,0,0.569,5.488,1,"{'sustain': 0.0, 'sostenuto': 0.0}",0.0|0.0,0,0,4.0|3.25
content/scores/imported/asap-dataset/Chopin/Etudes_op_10/5/xml_score.musicxml,False,,PSyllabus:AMEB=11(ps10); PSyllabus:NZMEB=10(ps10); PSyllabus:Piano St=9(ps10),exam-lists,Chopin F.,Etude in Gb major Op 10 No 5,,"1 pitched part(s), staves 2",True,85,85,170.0,none,2/4,simple,0,-6,0,43,metronome,116.0,11.11,18.51,12.08,1.0,49|99,30|78,5|3,2|3,0.0|8.96,32nd|16th,0|0,1|4,319|19,0|1,4|4,12|28,11|51,34|44,2|4,497|40,3|11,0.28,0,0.91,4.815,20,"{'sustain': 0.0118, 'sostenuto': 0.0}",0.0|0.0,0,0,6.0|4.0
content/scores/imported/asap-dataset/Chopin/Etudes_op_10/7/xml_score.musicxml,False,,PSyllabus:AMEB=11(ps10); PSyllabus:NZMEB=10(ps10); PSyllabus:Piano St=9(ps10); PSyllabus:RCM=11(ps10),exam-lists,Chopin F.,Etude in C major Op 10 No 7,,"1 pitched part(s), staves 2",True,60,60,177.5,confirmed,6/8,compound,0,0,0,18,sound tempo,140,9.03,23.56,9.33,1.0,50|100,29|76,4|3,2|4,10.86|24.55,32nd|16th,0|0,0|0,0|0,0|3,4|4,12|15,0|36,2|26,2|6,660|36,0|16,0.425,0,0.13,5.128,1,"{'sustain': 0.1833, 'sostenuto': 0.0}",0.0|0.0,0,0,8.0|2.333
content/scores/imported/asap-dataset/Chopin/Etudes_op_10/8/xml_score.musicxml,False,,PSyllabus:AMEB=11(ps10); PSyllabus:NZMEB=10(ps10); PSyllabus:Piano St=9(ps10); PSyllabus:RCM=11(ps10),exam-lists,Chopin F.,Etude in F major Op 10 No 8,,"1 pitched part(s), staves 2",True,96,96,381.004,confirmed,4/4,simple,0,-1,0,14,metronome,176,11.45,17.52,11.73,1.0,53|101,25|89,4|3,2|5,10.64|9.96,16th|16th,0|0,1|34,1|0,0|26,5|4,12|28,0|15,8|57,2|8,452|158,2|54,0.375,0,0.167,5.47,21,"{'sustain': 0.9062, 'sostenuto': 0.0}",0.0|0.0,0,0,4.0|2.5
content/scores/imported/asap-dataset/Chopin/Etudes_op_25/1/xml_score.musicxml,False,,PSyllabus:AMEB=10(ps9); PSyllabus:GCSE=8(ps9); PSyllabus:NZMEB=9(ps9); PSyllabus:Piano St=8(ps9); PSyllabus:RCM=11(ps9),exam-lists,Chopin F.,Etude in Ab major No 1 from Etudes Op 25CT 26,,"1 pitched part(s), staves 2",True,50,50,197.375,confirmed,4/4,simple,0,-4,0,2,metronome,104.0,10.54,19.43,13.87,1.0,51|92,32|84,4|3,3|3,7.16|5.65,16th|16th,0|0,0|0,190|166,0|1,2|3,12|19,1|0,12|28,2|1,834|297,0|2,0.835,0,0.587,4.905,1,"{'sustain': 0.94, 'sostenuto': 0.0}",0.0|0.0,0,0,6.0|6.0
content/scores/imported/asap-dataset/Chopin/Etudes_op_25/10/xml_score.musicxml,False,,PSyllabus:AMEB=11(ps10); PSyllabus:NZMEB=10(ps10); PSyllabus:Piano St=9(ps10); PSyllabus:RCM=11(ps10),exam-lists,Chopin F.,Etude in B minor Op 25 No 10,,"1 pitched part(s), staves 2",True,119,119,401.0,none,4/4 3/4 4/4,simple,2,2,2,12,metronome,144,5.48,20.02,7.2,1.0,53|98,28|80,4|3,3|4,25.68|30.69,16th|16th,2|0,4|3,161|160,9|0,5|4,12|16,708|459,1|10,5|5,149|132,52|74,0.793,0,0.474,5.7,4,"{'sustain': 0.0, 'sostenuto': 0.0}",0.0|0.0,0,0,4.0|2.333
content/scores/imported/asap-dataset/Chopin/Etudes_op_25/11/xml_score.musicxml,False,,PSyllabus:AMEB=11(ps10); PSyllabus:NZMEB=10(ps10); PSyllabus:Piano St=9(ps10); PSyllabus:RCM=12(ps10),exam-lists,Chopin F.,Etude in A minor Op 25 No 11,,"1 pitched part(s), staves 2",True,96,96,384.0,none,4/4,simple,0,0,0,32,metronome,UNKNOWN,13.3,19.59,17.25,0.958,40|101,24|86,5|4,3|5,27.09|21.13,16th|16th,0|0,5|31,322|85,0|1,5|4,14|14,13|95,44|62,4|4,420|96,3|24,0.283,0,0.234,5.847,21,"{'sustain': 0.0, 'sostenuto': 0.0}",0.0|0.0,0,0,6.0|2.5
content/scores/imported/asap-dataset/Chopin/Etudes_op_25/2/xml_score.musicxml,False,,PSyllabus:AGME=8(ps10); PSyllabus:AMEB=10(ps10); PSyllabus:ANZCA=8(ps10); PSyllabus:NZMEB=9(ps10); PSyllabus:Piano St=8(ps10),exam-lists,Chopin F.,Etude in F minor No 2 from Etudes Op 25CT 27,,"1 pitched part(s), staves 2",True,70,70,277.0,candidate,2/2,simple,0,-4,0,12,none,UNKNOWN,,,,,64|92,42|70,4|3,0|2,21.01|21.68,eighth|quarter,0|0,0|0,268|127,1|0,3|2,7|7,0|0,1|58,4|1,804|177,3|0,0.48,0,0.448,4.766,0,"{'sustain': 0.0, 'sostenuto': 0.0}",0.0|0.0,0,0,3.0|1.5
content/scores/imported/asap-dataset/Chopin/Etudes_op_25/4/xml_score.musicxml,False,,PSyllabus:AMEB=11(ps10); PSyllabus:NZMEB=10(ps10); PSyllabus:Piano St=8(ps10); PSyllabus:RCM=11(ps10),exam-lists,Chopin F.,Etude in A minor Op 25 No 4,,"1 pitched part(s), staves 2",True,66,66,261.0,confirmed,2/2,simple,0,0,0,0,metronome,160,5.12,15.42,5.33,1.0,60|88,36|67,3|3,1|2,20.84|15.15,eighth|eighth,0|0,0|0,0|0,1|0,4|4,12|12,0|2,0|42,1|1,3|488,45|1,0.499,0,0.182,5.132,0,"{'sustain': 0.0, 'sostenuto': 0.0}",0.0|0.0,0,0,3.0|3.0
content/scores/imported/asap-dataset/Chopin/Etudes_op_25/5/xml_score.musicxml,False,,PSyllabus:AMEB=11(ps10); PSyllabus:NZMEB=10(ps10); PSyllabus:Piano St=8(ps10); PSyllabus:RCM=11(ps10),exam-lists,Chopin F.,Etude in E minor Op 25 No 5,,"1 pitched part(s), staves 2",True,139,139,428.0,confirmed,3/4,simple,0,1,2,12,metronome,184,6.41,13.76,11.2,1.0,47|100,27|83,5|4,2|5,16.49|13.8,16th|16th,0|5,74|22,112|1,49|28,3|4,12|17,0|37,17|65,11|10,323|24,39|62,0.372,0,0.329,5.432,7,"{'sustain': 0.8201, 'sostenuto': 0.0}",0.0|0.0,0,0,4.0|1.333
content/scores/imported/asap-dataset/Chopin/Etudes_op_25/8/xml_score.musicxml,False,,PSyllabus:AMEB=11(ps10); PSyllabus:NZMEB=10(ps10); PSyllabus:Piano St=9(ps10); PSyllabus:RCM=12(ps10),exam-lists,Chopin F.,Etude in Db major Op 25 No 8,,"1 pitched part(s), staves 2",True,36,36,144.0,none,4/4,simple,0,-5,0,16,metronome,138,6.6,24.71,6.9,1.0,53|97,30|77,5|4,3|3,23.34|5.12,eighth|eighth,0|0,0|0,136|126,0|0,4|3,12|12,0|40,1|15,2|1,324|139,0|0,0.932,0,0.679,5.209,3,"{'sustain': 0.6389, 'sostenuto': 0.0}",0.0|0.0,0,0,6.0|5.5
content/scores/imported/asap-dataset/Chopin/Scherzos/39/xml_score.musicxml,False,,PSyllabus:ABRSM=10(ps10); PSyllabus:AGME=10(ps10); PSyllabus:AMEB=11(ps10); PSyllabus:LCM=11(ps10); PSyllabus:NZMEB=10(ps10); PSyllabus:Piano St=9(ps10); PSyllabus:RCM=11(ps10),exam-lists,Chopin F.,Scherzo in C minor Op 39,,"1 pitched part(s), staves 2",True,649,649,1947.0,none,3/4,simple,0,4,2,108,metronome,330.0,5.98,14.58,11.0,1.0,46|101,22|92,4|3,4|6,16.85|14.01,eighth|eighth,15|11,0|0,0|12,0|2,6|5,15|27,204|497,26|52,4|4,143|156,83|55,0.68,1,0.606,5.73,43,"{'sustain': 0.3421, 'sostenuto': 0.0}",0.3162|0.2295,0,0,1.333|1.333
content/scores/imported/asap-dataset/Rachmaninoff/Preludes_op_23/4/xml_score.musicxml,False,,PSyllabus:ABRSM=10(ps10); PSyllabus:AGME=10(ps10); PSyllabus:AMEB=10(ps10); PSyllabus:LCM=11(ps10); PSyllabus:Piano St=9(ps10); PSyllabus:RCM=11(ps10); PSyllabus:RIAM=11(ps10),exam-lists,Rachmaninoff S.,Prelude in D major No 4 from 10 preludes Op 23,,"1 pitched part(s), staves 2",True,77,77,231.0,none,3/4,simple,0,2,0,38,metronome,50,2.96,4.83,3.4,1.0,50|95,27|79,4|3,4|4,10.01|8.96,16th|16th,11|0,0|0,56|175,1|0,5|3,14|15,12|10,4|83,2|2,45|136,56|3,0.161,0,0.261,5.052,1,"{'sustain': 0.0, 'sostenuto': 0.0}",0.0|0.0,0,0,3.0|3.0
content/scores/imported/asap-dataset/Rachmaninoff/Preludes_op_23/6/xml_score.musicxml,False,,PSyllabus:ABRSM=9(ps9); PSyllabus:AGME=8(ps9); PSyllabus:AMEB=10(ps9); PSyllabus:ANZCA=8(ps9); PSyllabus:GCSE=9(ps9); PSyllabus:LCM=9(ps9); PSyllabus:NZMEB=9(ps9); PSyllabus:Piano St=9(ps9); PSyllabus:RCM=11(ps9); PSyllabus:RIAM=9(ps9),exam-lists,Rachmaninoff S.,Prelude in Eb major No 6 from 10 preludes Op 23,,"1 pitched part(s), staves 2",True,43,43,172.0,none,4/4,simple,0,-3,0,22,metronome,72,4.63,8.8,4.88,1.0,55|96,27|74,4|4,2|4,17.08|17.18,16th|16th,5|0,0|2,0|1,0|0,5|4,20|16,58|1,10|42,4|2,43|156,41|15,0.296,1,0.466,5.293,1,"{'sustain': 0.0, 'sostenuto': 0.0}",0.0|0.0,0,0,3.5|4.0
content/scores/imported/asap-dataset/Schubert/Impromptu_op.90_D.899/1/xml_score.musicxml,False,,PSyllabus:AGME=9(ps8); PSyllabus:GCSE=8(ps8); PSyllabus:Piano St=8(ps8); PSyllabus:RCM=11(ps8),exam-lists,Schubert F.,Impromptu in C minor Op 90 D899 No 1,,"1 pitched part(s), staves 2",True,204,204,816.0,none,4/4,simple,0,-3,1,3,sound tempo,UNKNOWN,2.79,6.03,5.2,0.996,52|92,29|73,3|3,3|4,11.18|9.36,16th|16th,17|8,108|45,45|111,12|0,4|3,27|21,172|141,8|23,10|30,150|221,52|32,0.324,0,0.317,5.235,1,"{'sustain': 0.0, 'sostenuto': 0.0}",0.0|0.0,0,0,2.25|2.0
content/scores/imported/asap-dataset/Schubert/Impromptu_op.90_D.899/2/xml_score.musicxml,False,,PSyllabus:ABRSM=9(ps9); PSyllabus:AGME=8(ps9); PSyllabus:AMEB=9(ps9); PSyllabus:ANZCA=8(ps9); PSyllabus:GCSE=9(ps9); PSyllabus:LCM=10(ps9); PSyllabus:NZMEB=9(ps9); PSyllabus:Piano St=8(ps9); PSyllabus:SCSM=8(ps9),exam-lists,Schubert F.,Impromptu in Gb major Op 90 No 3 D899,,"1 pitched part(s), staves 2",True,284,284,850.0,candidate,3/4,simple,0,-3,4,14,"sound tempo (120 only, possible exporter default)",UNKNOWN,,,,,53|94,30|71,5|2,3|4,19.47|21.87,eighth|eighth,0|0,0|0,570|37,0|0,4|6,12|24,3|25,22|39,7|15,349|36,113|152,0.286,0,0.556,5.377,0,"{'sustain': 0.0, 'sostenuto': 0.0}",0.0|0.0,0,0,3.0|1.0
content/scores/imported/asap-dataset/Schubert/Impromptu_op.90_D.899/3/xml_score.musicxml,False,,PSyllabus:ABRSM=9(ps9); PSyllabus:AGME=8(ps9); PSyllabus:AMEB=9(ps9); PSyllabus:ANZCA=8(ps9); PSyllabus:GCSE=9(ps9); PSyllabus:LCM=10(ps9); PSyllabus:NZMEB=9(ps9); PSyllabus:Piano St=8(ps9); PSyllabus:SCSM=8(ps9),exam-lists,Schubert F.,Impromptu in Gb major Op 90 No 3 D899,,"1 pitched part(s), staves 2",True,88,88,688.0,none,4/2,simple,0,-6,2,0,sound tempo,110,5.5,7.11,5.84,1.0,53|79,29|62,0|1,3|4,4.05|9.65,eighth|32nd,0|0,0|0,391|69,0|5,3|3,12|24,0|30,36|47,5|4,36|146,78|48,0.135,0,0.689,4.663,0,"{'sustain': 0.0, 'sostenuto': 0.0}",0.0|0.0,0,0,3.0|0.75
content/scores/imported/asap-dataset/Schubert/Impromptu_op.90_D.899/4/xml_score.musicxml,False,,PSyllabus:ABRSM=9(ps9); PSyllabus:AGME=8(ps9); PSyllabus:AMEB=9(ps9); PSyllabus:ANZCA=8(ps9); PSyllabus:GCSE=9(ps9); PSyllabus:LCM=10(ps9); PSyllabus:NZMEB=9(ps9); PSyllabus:Piano St=8(ps9); PSyllabus:SCSM=8(ps9),exam-lists,Schubert F.,Impromptu in Gb major Op 90 No 3 D899,,"1 pitched part(s), staves 2",True,277,277,831.0,none,3/4,simple,0,-4,2,6,none,UNKNOWN,,,,,51|94,32|68,5|3,2|3,8.71|8.42,16th|eighth,0|52,0|0,48|0,0|0,4|4,12|13,0|2,23|5,11|11,96|180,78|80,0.33,0,0.659,5.242,0,"{'sustain': 0.0, 'sostenuto': 0.0}",0.0|0.0,0,2,3.333|1.333
content/scores/imported/asap-dataset/Schubert/Impromptu_op.90_D.899/4_no_repeat/xml_score.musicxml,False,,PSyllabus:ABRSM=9(ps9); PSyllabus:AGME=8(ps9); PSyllabus:AMEB=9(ps9); PSyllabus:ANZCA=8(ps9); PSyllabus:GCSE=9(ps9); PSyllabus:LCM=10(ps9); PSyllabus:NZMEB=9(ps9); PSyllabus:Piano St=8(ps9); PSyllabus:SCSM=8(ps9),exam-lists,Schubert F.,Impromptu in Gb major Op 90 No 3 D899,,"1 pitched part(s), staves 2",True,275,275,825.0,none,3/4,simple,0,-4,2,6,none,UNKNOWN,,,,,51|94,32|68,5|3,2|3,8.75|8.58,16th|eighth,0|52,0|0,48|0,0|0,4|4,12|13,0|2,23|5,11|11,96|180,76|78,0.326,0,0.659,5.243,0,"{'sustain': 0.0, 'sostenuto': 0.0}",0.0|0.0,0,0,3.333|1.333
content/scores/imported/asap-dataset/Schubert/Impromptu_op142/1/xml_score.musicxml,False,,PSyllabus:AGME=9(ps9); PSyllabus:LCM=10(ps9); PSyllabus:Piano St=9(ps9); PSyllabus:RCM=11(ps9),exam-lists,Schubert F.,Impromptu - op 142 no 1 F minor D935,,"1 pitched part(s), staves 2",True,250,250,1000.0,none,4/4,simple,0,-4,4,144,sound tempo,112,6.28,11.69,8.17,1.0,48|104,29|89,8|3,3|4,7.87|8.96,32nd|32nd,0|6,37|4,34|11,0|0,4|4,12|15,85|109,29|43,11|11,1024|141,15|59,0.365,0,0.438,5.303,0,"{'sustain': 0.0, 'sostenuto': 0.0}",0.0|0.0,0,0,4.0|2.0
content/scores/imported/asap-dataset/Schubert/Moment_musical_no_3/xml_score.musicxml,False,,PSyllabus:GCSE=8(ps8),exam-lists,Schubert F.,Moments musicaux Nos 4 and 5 (Cm and Fm) D780 Op94,,"1 pitched part(s), staves 2",True,78,78,156.0,none,2/4,simple,0,-4,0,4,sound tempo,96,4.38,10.85,5.4,1.0,57|82,37|68,1|3,2|2,8.17|5.45,32nd|eighth,0|0,2|0,0|0,0|0,4|3,12|12,0|0,0|13,5|1,8|308,57|0,0.534,0,0.402,4.555,0,"{'sustain': 0.0, 'sostenuto': 0.0}",0.0|0.0,0,0,3.5|3.0
content/scores/imported/asap-dataset/Scriabin/Etudes_op_8/11/xml_score.musicxml,False,,PSyllabus:AGME=9(ps9); PSyllabus:NZMEB=9(ps9); PSyllabus:Piano St=9(ps9),exam-lists,Scriabin A.,Etude - op 8 no 11 Bb minor,,"1 pitched part(s), staves 2",True,54,54,162.0,none,3/4,simple,0,-5,2,0,metronome,63,3.42,9.2,5.08,1.0,52|89,32|70,3|4,3|3,12.06|10.82,16th|32nd,2|2,14|7,14|15,0|5,4|4,16|20,61|32,6|37,12|10,51|84,48|28,0.497,0,0.581,4.814,0,"{'sustain': 0.0185, 'sostenuto': 0.0}",0.0|0.0,0,0,6.0|3.667
content/scores/imported/musetrainer/scores/Ave_Maria_D839_-_Schubert_-_Solo_Piano_Arrg..mxl,False,,PSyllabus:Piano St=9(ps9),exam-lists,Schubert F.,Ave Maria - solo piano version - op 52 no 4 Bb major D839,,"1 pitched part(s), staves 2",True,17,17,68.0,none,4/4,simple,0,-2,0,0,metronome,40,3.67,5.46,4.46,1.0,50|80,34|62,1|1,4|2,5.92|5.86,32nd|16th,0|0,7|0,26|44,3|0,4|3,12|12,0|20,0|1,3|1,6|264,1|0,0.182,0,0.352,4.585,0,"{'sustain': 1.0, 'sostenuto': 0.0}",0.0|0.0,0,1,2.5|6.0
content/scores/imported/musetrainer/scores/Chopin_-_Nocturne_Op._9_No._1.mxl,False,,PSyllabus:AGME=9(ps9); PSyllabus:AMEB=10(ps9); PSyllabus:LCM=10(ps9); PSyllabus:NZMEB=9(ps9); PSyllabus:Piano St=8(ps9); PSyllabus:RCM=10(ps9); PSyllabus:RIAM=9(ps9),exam-lists,Chopin F.,Nocturne in Bb minor Op 9 No 1,,"1 pitched part(s), staves 2",True,86,86,514.0,candidate,6/4,UNKNOWN,0,-5,0,6,sound tempo,116,4.12,6.33,6.72,1.0,56|101,34|72,7|4,2|2,23.27|16.36,16th|eighth,0|0,0|0,22|0,11|0,3|5,12|28,132|0,7|21,4|4,22|926,6|7,0.323,0,0.616,5.214,0,"{'sustain': 0.9884, 'sostenuto': 0.0}",0.0|0.0,0,0,1.333|2.0
content/scores/imported/musetrainer/scores/Clair_de_Lune__Debussy.mxl,False,,RCM=10,exam-lists,"Debussy, Claude",Clair de lune (no. 3),,"1 pitched part(s), staves 2",True,72,72,324.002,none,9/8,compound,0,-5,2,24,sound tempo,48,2.8,5.45,6.8,1.0,53|97,27|85,5|4,3|4,3.84|5.36,16th|16th,0|0,0|0,20|15,1|0,4|5,12|19,14|7,9|53,4|6,96|108,47|56,0.286,1,0.74,5.032,2,"{'sustain': 1.0, 'sostenuto': 0.0}",0.0|0.0,0,0,2.444|2.222
content/scores/imported/musetrainer/scores/Maple_Leaf_Rag_Scott_Joplin.mxl,False,,Advanced,8notes,Scott Joplin,Palm Leaf Rag,,"1 pitched part(s), staves 2",True,85,85,168.5,confirmed,2/4,simple,0,-4,2,2,metronome,100,5.73,14.73,6.46,1.0,60|92,32|73,4|5,1|3,7.57|11.22,16th|16th,0|0,6|0,0|0,0|0,4|4,12|12,101|153,1|42,5|4,19|83,0|2,0.333,0,0.629,5.017,0,"{'sustain': 0.0, 'sostenuto': 0.0}",0.0|0.0,0,4,4.5|5.0
content/scores/imported/musetrainer/scores/Prlude_Opus_28_No._4_in_E_Minor__Chopin.mxl,False,,PSyllabus:AGME=6(ps6),exam-lists,Chopin F.,Prelude in E minor Op 28 No 4 and No 6,,"1 pitched part(s), staves 2",True,26,26,101.0,confirmed,2/2,simple,0,1,0,0,sound tempo,42,1.22,3.85,1.75,1.0,59|84,28|69,2|3,1|4,12.66|7.1,16th|eighth,1|0,5|0,2|0,2|0,1|6,0|31,0|1,0|2,2|8,10|88,0|2,0.323,0,0.196,4.34,0,"{'sustain': 0.0769, 'sostenuto': 0.0}",0.0|0.0,0,0,0.5|6.0
content/scores/imported/musetrainer/scores/Schubert_Serenade_-_Standchen_-_By_Lizst.mxl,False,,Intermediate,8notes,Schubert,Serenade (Standchen),,"2 pitched part(s), staves 1+1",True,115,115,345.012,none,3/4,simple,0,-1,0,12,metronome,58.0,2.44,6.65,3.3,1.0,50|93,29|74,4|3,3|4,17.34|5.52,32nd|16th,47|0,29|3,59|5,46|0,6|4,21|18,13|45,40|121,5|2,16|462,29|1,0.335,0,0.213,4.808,0,"{'sustain': 0.0, 'sostenuto': 0.0}",0.0|0.0,0,0,2.0|5.322
